-----------------------------------------------------------------------------------
time (s) 	 Gate (V) 	 I (A) 	 RLkin (V/A) 	 pLkin (deg.) 	 XLkin (V)
-----------------------------------------------------------------------------------

1653951334.7647114	-167.0	4.940748e-10	2682.515	2.04	2680.814873042899
1653951336.8631513	-166.0	-7.057968e-10	2673.665	2.046	2671.9605006538927
1653951338.9596362	-165.0	-2.218686e-11	2664.205	2.046	2662.5065315380216
1653951341.0580828	-164.0	-1.398349e-09	2654.745	2.046	2653.05256242215
1653951343.157646	-163.0	5.132745e-10	2644.98	2.052	2643.283884497662
1653951345.2562087	-162.0	1.422517e-09	2635.8199999999997	2.052	2634.1297584241192
1653951347.3561466	-161.0	-1.197935e-09	2626.3599999999997	2.052	2624.6758247280804
1653951349.4692001	-160.0	-2.480658e-10	2616.595	2.058	2614.907260967841
1653951351.848243	-159.0	1.10551e-09	2607.4399999999996	2.058	2605.7581660661995
1653951353.9472132	-158.0	1.258011e-12	2597.9799999999996	2.064	2596.294483675708
1653951356.0453048	-157.0	-1.266911e-09	2588.5200000000004	2.064	2586.8406211303572
1653951358.1655345	-156.0	-1.430861e-09	2579.3650000000002	2.064	2577.6915607072397
1653951360.2638865	-155.0	-4.673936e-10	2570.21	2.07	2568.5327924831695
1653951362.362982	-154.0	5.226769e-11	2561.055	2.07	2559.3837666389063
1653951364.4604297	-153.0	7.622575e-10	2551.595	2.07	2549.9299398244084
1653951366.6975162	-152.0	-9.740753e-10	2542.7450000000003	2.07	2541.0857149503804
1653951368.7969553	-151.0	1.396684e-09	2533.2850000000003	2.076	2531.6222920398973
1653951370.8944006	-150.0	-3.615405e-10	2524.435	2.082	2522.7685104522125
1653951372.9941795	-149.0	3.805639e-10	2515.585	2.082	2513.9243527228587
1653951375.0919957	-148.0	1.071395e-09	2506.43	2.082	2504.7753963372948
1653951377.19145	-147.0	8.939056e-11	2497.57	2.082	2495.921245209377
1653951379.2938993	-146.0	1.308264e-09	2489.025	2.082	2487.381886136232
1653951381.3928595	-145.0	1.197679e-09	2479.8700000000003	2.088	2478.2234816371315
1653951383.4929411	-144.0	-1.349029e-09	2471.02	2.088	2469.379357625595
1653951385.591381	-143.0	1.45482e-09	2462.17	2.088	2460.5352336140586
1653951387.8028781	-142.0	-6.65088e-10	2453.625	2.088	2451.995907096705
1653951389.9014957	-141.0	-2.778142e-10	2445.08	2.094	2443.4472382175327
1653951392.0019364	-140.0	1.475544e-09	2436.535	2.094	2434.907944349615
1653951394.1014135	-139.0	-1.261438e-10	2427.99	2.094	2426.368650481697
1653951396.19857	-138.0	-4.405283e-10	2419.75	2.1	2418.1248808459036
1653951398.2990026	-137.0	7.166472e-10	2411.205	2.1	2409.5856197210646
1653951400.400082	-136.0	4.6581e-10	2402.66	2.1	2401.046358596226
1653951402.6251922	-135.0	2.071866e-10	2394.42	2.106	2392.8026913552085
1653951404.7336066	-134.0	-9.219933e-10	2386.18	2.106	2384.568257055141
1653951406.8400266	-133.0	-4.214503e-10	2377.94	2.112	2376.3246587487142
1653951408.98335	-132.0	-1.115815e-09	2369.7	2.118	2368.08109798321
1653951411.08202	-131.0	9.538047e-10	2361.46	2.112	2359.8558536585188
1653951413.1805878	-130.0	1.85638e-10	2353.2200000000003	2.112	2351.6214511134212
1653951415.3109462	-129.0	-1.219978e-09	2345.285	2.112	2343.691841380976
1653951417.4090338	-128.0	-1.293527e-09	2337.045	2.118	2335.448406817813
1653951419.5154557	-127.0	-2.886924e-10	2329.415	2.118	2327.8236193858124
1653951421.6138992	-126.0	3.708403e-10	2321.175	2.118	2319.589248685985
1653951423.8140724	-125.0	3.905348e-10	2313.2400000000002	2.124	2311.6507042514145
1653951425.9118686	-124.0	-1.153641e-09	2305.6150000000002	2.13	2304.0219818724513
1653951428.0089638	-123.0	-7.048499e-10	2297.68	2.13	2296.0924644004717
1653951430.1177359	-122.0	-8.593218e-10	2289.745	2.124	2288.1718463307543
1653951432.2158196	-121.0	-1.077084e-09	2282.1150000000002	2.136	2280.529323966782
1653951434.3136213	-120.0	-1.14025e-09	2274.1800000000003	2.13	2272.6087012509424
1653951436.4107063	-119.0	-3.789283e-10	2266.5499999999997	2.13	2264.9839730453714
1653951438.689672	-118.0	-1.233246e-09	2258.92	2.136	2257.350440488338
1653951440.8213823	-117.0	7.693859e-10	2251.29	2.142	2249.7169427375748
1653951442.9194705	-116.0	-9.826857e-10	2243.965	2.142	2242.3970609784265
1653951445.0182612	-115.0	1.307564e-09	2236.34	2.136	2234.786129691043
1653951447.1147122	-114.0	-3.516512e-10	2228.71	2.148	2227.1439847431916
1653951449.2121627	-113.0	1.017421e-09	2221.69	2.142	2220.1376253217677
1653951451.326206	-112.0	1.641586e-09	2214.06	2.148	2212.5042786457234
1653951453.4236503	-111.0	1.613694e-09	2207.04	2.148	2205.4892112870734
1653951455.5220945	-110.0	4.919738e-10	2199.7149999999997	2.148	2198.169358238339
1653951457.6185403	-109.0	-9.434602e-10	2192.39	2.154	2190.840888068683
1653951459.8496275	-108.0	-5.362027e-10	2185.375	2.154	2183.8308447689956
1653951461.9441283	-107.0	5.91484e-11	2178.05	2.154	2176.511020510947
1653951464.0419326	-106.0	-1.052404e-09	2170.725	2.154	2169.1911962528984
1653951466.1390193	-105.0	-6.443213e-10	2164.01	2.16	2162.4724116889615
1653951468.2374616	-104.0	5.511807e-10	2156.9900000000002	2.16	2155.4573995910246
1653951470.334273	-103.0	2.248624e-10	2149.67	2.16	2148.1426006512957
1653951472.4293811	-102.0	-3.571319e-10	2142.65	2.166	2141.1191199736886
1653951474.75522	-101.0	-1.040702e-09	2136.2400000000002	2.166	2134.713699788856
1653951476.854658	-100.0	4.618139e-10	2129.22	2.16	2127.7071309357952
1653951478.9521024	-99.0	6.232425e-10	2122.2	2.166	2120.68373108448
1653951481.0505462	-98.0	1.700342e-09	2115.49	2.172	2113.9701408283336
1653951483.1479905	-97.0	1.572904e-09	2108.775	2.172	2107.259965173681
1653951485.248426	-96.0	-5.826389e-10	2102.06	2.172	2100.5497895190274
1653951487.345229	-95.0	-9.327877e-10	2095.3450000000003	2.178	2093.831286329187
1653951489.4436855	-94.0	3.757432e-10	2088.635	2.178	2087.1261337498895
1653951491.541753	-93.0	1.421898e-09	2081.92	2.172	2080.4242589628525
1653951493.6407504	-92.0	-1.901418e-11	2075.205	2.178	2073.7058358154673
1653951495.8229108	-91.0	-7.999557e-11	2068.4900000000002	2.178	2066.995686848257
1653951497.9206998	-90.0	9.062578e-10	2062.3849999999998	2.184	2060.886878064021
1653951500.0177984	-89.0	1.39483e-09	2055.6749999999997	2.184	2054.181752225824
1653951502.1421738	-88.0	-4.586579e-10	2049.2650000000003	2.184	2047.7764084668318
1653951504.2406197	-87.0	1.083632e-09	2042.855	2.184	2041.3710647078385
1653951506.3401933	-86.0	1.124094e-09	2036.4499999999998	2.184	2034.9707173168324
1653951508.4458282	-85.0	1.440852e-09	2029.735	2.19	2028.252483844637
1653951510.774016	-84.0	-5.677234e-10	2023.325	2.19	2021.8471657014097
1653951512.8724499	-83.0	-4.79754e-10	2017.22	2.19	2015.746624786526
1653951514.9715474	-82.0	9.373241e-10	2010.815	2.196	2009.3382452988121
1653951517.0719838	-81.0	9.04033e-10	2004.71	2.19	2003.2457620764203
1653951519.1684294	-80.0	-1.033993e-10	1998.3000000000002	2.196	1996.8324363905265
1653951521.2682126	-79.0	-2.696648e-11	1992.195	2.202	1990.7239150297942
1653951523.3671913	-78.0	8.843802e-10	1986.095	2.196	1984.636399816365
1653951525.6322355	-77.0	1.004772e-09	1979.38	2.202	1977.9183779357313
1653951527.753616	-76.0	3.803991e-10	1973.5800000000002	2.202	1972.1226607960073
1653951529.8510573	-75.0	-7.150768e-11	1967.175	2.202	1965.7223904029152
1653951531.9514942	-74.0	7.074182e-10	1961.07	2.208	1959.613997147713
1653951534.0502374	-73.0	1.500183e-09	1955.27	2.208	1953.8183033767327
1653951536.1483777	-72.0	1.711273e-12	1949.165	2.208	1947.7178360540022
1653951538.2508078	-71.0	1.746198e-09	1942.76	2.214	1941.309742616178
1653951540.349583	-70.0	-6.153637e-11	1936.96	2.214	1935.5140722774981
1653951542.4487026	-69.0	-8.180774e-10	1930.855	2.208	1929.4214303735448
1653951544.5461462	-68.0	1.452562e-11	1924.45	2.22	1923.0056149431389
1653951546.8550403	-67.0	1.763092e-09	1918.65	2.22	1917.2099681003162
1653951548.9513314	-66.0	1.406407e-09	1912.8500000000001	2.22	1911.4143212574936
1653951551.048775	-65.0	1.718839e-09	1907.055	2.22	1905.623670661949
1653951553.1495767	-64.0	-8.484034e-10	1900.645	2.22	1899.2184816511742
1653951555.2464697	-63.0	8.887067e-10	1894.845	2.226	1893.4151380088629
1653951557.3445888	-62.0	3.257243e-10	1889.05	2.226	1887.6245109524223
1653951559.440394	-61.0	1.024507e-09	1883.25	2.226	1881.828887669013
1653951561.7591584	-60.0	1.155816e-09	1877.145	2.226	1875.7284945405281
1653951563.8636727	-59.0	1.727698e-09	1871.345	2.232	1869.9252494077666
1653951565.9617596	-58.0	1.463315e-10	1865.55	2.226	1864.1422442006783
1653951568.0602007	-57.0	-4.814432e-10	1859.4450000000002	2.232	1858.0342776906582
1653951570.1590016	-56.0	1.658975e-09	1853.645	2.238	1852.2311079595834
1653951572.265104	-55.0	3.243233e-10	1847.8500000000001	2.232	1846.4480745763833
1653951574.3635485	-54.0	-7.912129e-10	1842.0500000000002	2.238	1840.6449521979403
1653951576.513851	-53.0	-7.79922e-10	1836.25	2.238	1834.8493762240262
1653951578.612289	-52.0	9.895689e-10	1830.76	2.238	1829.3635637935456
1653951580.7117267	-51.0	1.162988e-09	1824.655	2.238	1823.2632204623828
1653951582.8390934	-50.0	4.225564e-11	1818.855	2.244	1817.460196565385
1653951584.9355752	-49.0	1.011817e-09	1813.06	2.244	1811.6696405072626
1653951587.0333388	-48.0	1.139749e-09	1807.5649999999998	2.244	1806.178854391752
1653951589.16933	-47.0	2.609962e-10	1801.7649999999999	2.244	1800.3833021679193
1653951591.2671106	-46.0	5.859959e-10	1795.97	2.244	1794.592746109797
1653951593.3665576	-45.0	1.501828e-09	1790.475	2.244	1789.1019599942865
1653951595.4716291	-44.0	-7.095474e-10	1784.6799999999998	2.25	1783.3040763980932
1653951597.77644	-43.0	5.311562e-10	1779.1850000000002	2.256	1777.8059883713433
1653951599.8766315	-42.0	8.797656e-10	1773.385	2.25	1772.0177844337543
1653951601.9749582	-41.0	-5.377685e-10	1767.59	2.25	1766.2272521687394
1653951604.0736248	-40.0	-7.546239e-10	1762.0949999999998	2.262	1760.7219610715852
1653951606.171841	-39.0	7.767612e-10	1756.6000000000001	2.256	1755.2384935648074
1653951608.2826045	-38.0	-5.10492e-10	1750.805	2.256	1749.4479851564001
1653951610.3810508	-37.0	6.564092e-10	1745.31	2.262	1743.9500400817485
1653951612.6946025	-36.0	1.348393e-09	1739.815	2.262	1738.45932183098
1653951614.7934108	-35.0	6.767718e-11	1734.02	2.256	1732.6759948828685
1653951616.890887	-34.0	1.214571e-09	1728.5249999999999	2.268	1727.1709652928892
1653951618.9878817	-33.0	3.494567e-10	1723.0300000000002	2.268	1721.6802697841265
1653951621.0863297	-32.0	-6.13254e-10	1717.54	2.262	1716.201678694333
1653951623.1841354	-31.0	1.121745e-09	1711.74	2.268	1710.3991137706716
1653951625.291194	-30.0	1.863336e-09	1706.5549999999998	2.274	1705.2110938521728
1653951627.3901255	-29.0	6.079646e-11	1701.0600000000002	2.268	1699.7274799156057
1653951629.4922328	-28.0	1.912488e-09	1695.565	2.274	1694.2297484390833
1653951631.5913968	-27.0	7.019384e-10	1690.075	2.274	1688.7440717950558
1653951633.8759887	-26.0	1.244936e-09	1684.275	2.28	1682.9416317009225
1653951635.9727871	-25.0	9.054415e-11	1679.0849999999998	2.28	1677.755740401385
1653951638.0718734	-24.0	1.500346e-09	1673.595	2.274	1672.2770497379383
1653951640.1952481	-23.0	1.938737e-09	1668.1000000000001	2.28	1666.77943675487
1653951642.2907002	-22.0	-3.625703e-10	1662.605	2.28	1661.288786910755
1653951644.3991134	-21.0	-4.443598e-10	1657.115	2.28	1655.8031331083546
1653951646.496557	-20.0	9.091012e-10	1651.925	2.286	1650.610350728758
1653951648.719769	-19.0	-5.927743e-10	1646.13	2.286	1644.8199625558852
1653951650.8194551	-18.0	2.915681e-10	1640.9399999999998	2.286	1639.6340929066685
1653951652.9175453	-17.0	9.823985e-10	1635.75	2.286	1634.448223257452
1653951655.016336	-16.0	-7.466713e-10	1630.26	2.286	1628.9625923568353
1653951657.114429	-15.0	1.831442e-09	1624.7649999999999	2.292	1623.4651698511125
1653951659.2118745	-14.0	-7.84125e-10	1619.575	2.292	1618.2793219090859
1653951661.3158197	-13.0	6.982298e-10	1614.085	2.292	1612.79371397041
1653951663.412653	-12.0	-3.173701e-10	1608.59	2.298	1607.296364473473
1653951665.5170765	-11.0	2.135678e-09	1603.405	2.292	1602.1222580897072
1653951667.6162257	-10.0	1.831404e-09	1597.9099999999999	2.292	1596.631654151087
1653951669.8189576	-9.0	1.236987e-09	1592.72	2.298	1591.4391272009586
1653951671.9163988	-8.0	1.70517e-10	1587.5349999999999	2.304	1586.2516223416885
1653951674.0128484	-7.0	-5.605957e-10	1582.0400000000002	2.298	1580.7677161064123
1653951676.125608	-6.0	1.912734e-09	1576.855	2.304	1575.5802561503233
1653951678.223571	-5.0	3.989812e-10	1571.665	2.304	1570.3944517932835
1653951680.3203852	-4.0	-9.71363e-11	1566.17	2.304	1564.9038940010032
1653951682.424457	-3.0	1.417572e-09	1560.68	2.304	1559.4183321666778
1653951684.6519165	-2.0	-4.80825e-10	1555.795	2.31	1554.5307229854088
1653951686.7559795	-1.0	2.150511e-09	1550.6100000000001	2.31	1549.3499364430434
1653951688.8534222	0.0	4.613193e-10	1545.42	2.31	1544.1641539638001
1653951690.9518628	1.0	-4.063703e-10	1539.925	2.316	1538.6671111000946
1653951693.0532975	2.0	-2.459641e-10	1534.74	2.316	1533.4863464712628
1653951695.150742	3.0	1.645996e-09	1529.5500000000002	2.316	1528.3005859266848
1653951697.2475424	4.0	-1.158427e-10	1524.365	2.31	1523.1262637710317
1653951699.3436341	5.0	9.3238e-10	1519.1750000000002	2.316	1517.9340607532747
1653951701.4420774	6.0	-7.006886e-10	1513.985	2.322	1512.7418850157057
1653951703.5385246	7.0	-4.803715e-10	1508.495	2.316	1507.2627847193448
1653951705.810788	8.0	2.793722e-10	1503.61	2.316	1502.3817750352862
1653951707.908499	9.0	1.916402e-09	1498.425	2.328	1497.188295466351
1653951710.0069215	10.0	6.902365e-10	1493.235	2.322	1492.008922592646
1653951712.133326	11.0	2.264437e-09	1488.045	2.328	1486.8168624570644
1653951714.2313895	12.0	2.865827e-10	1482.86	2.322	1481.6424413811164
1653951716.3298745	13.0	-4.408582e-10	1477.67	2.328	1476.450425321096
1653951718.4278646	14.0	1.599931e-09	1472.4850000000001	2.328	1471.269704689771
1653951720.7138107	15.0	1.981213e-09	1467.6	2.328	1466.3887364575583
1653951722.8365386	16.0	1.782703e-09	1462.41	2.328	1461.203019952915
1653951724.9336302	17.0	-5.175787e-10	1457.53	2.334	1456.3208396763243
1653951727.0310698	18.0	1.609902e-09	1452.34	2.334	1451.1351452769497
1653951729.128869	19.0	7.28143e-10	1447.155	2.334	1445.954446729598
1653951731.2382803	20.0	1.018201e-09	1442.27	2.328	1441.07964222584
1653951733.3347344	21.0	4.865758e-10	1437.08	2.34	1435.8816683409775
1653951735.4331732	22.0	1.894278e-09	1432.1999999999998	2.34	1431.0057376053858
1653951737.5319152	23.0	1.346086e-09	1427.01	2.334	1425.8261589308704
1653951739.6305811	24.0	2.012858e-09	1421.8249999999998	2.346	1420.6333019605913
1653951741.7802677	25.0	1.928965e-09	1416.9399999999998	2.346	1415.7523963075907
1653951743.8777153	26.0	1.40822e-09	1412.06	2.34	1410.8825316597272
1653951745.975521	27.0	-1.293989e-10	1407.175	2.34	1406.0016050934637
1653951748.0749688	28.0	1.356265e-09	1401.9850000000001	2.352	1400.8039133674185
1653951750.1744137	29.0	2.116811e-09	1397.1049999999998	2.352	1395.9280244690112
1653951752.2724967	30.0	-4.020438e-10	1392.22	2.346	1391.0531152958872
1653951754.3703008	31.0	2.05344e-09	1387.035	2.352	1385.8665078282415
1653951756.519568	32.0	8.288058e-11	1382.15	2.358	1380.9796757059369
1653951758.65092	33.0	-3.763742e-10	1377.27	2.358	1376.1038078063275
1653951760.7533488	34.0	1.167642e-09	1372.3850000000002	2.352	1371.2288495574096
1653951762.8521345	35.0	-4.999436e-10	1367.5	2.352	1366.3479648711966
1653951764.9491127	36.0	1.81274e-09	1362.62	2.358	1361.4662125749182
1653951767.0465562	37.0	1.143786e-09	1357.735	2.358	1356.5853489090184
1653951769.1463475	38.0	8.752742e-10	1352.855	2.358	1351.7094810094093
1653951771.245434	39.0	2.536625e-10	1347.6650000000002	2.358	1346.523875599784
1653951773.3452277	40.0	-3.024955e-10	1343.0900000000001	2.358	1341.9527494439003
1653951775.4446626	41.0	1.873552e-09	1337.8999999999999	2.364	1336.7613723480697
1653951777.6578014	42.0	7.868551e-10	1333.0149999999999	2.364	1331.8805297560073
1653951779.7583714	43.0	4.91643e-10	1328.4399999999998	2.364	1327.3094233366244
1653951781.8597987	44.0	8.815371e-10	1323.5549999999998	2.364	1322.428580744562
1653951783.9572434	45.0	3.049585e-10	1319.59	2.364	1318.4669551810966
1653951786.0568948	46.0	1.872935e-09	1315.9299999999998	2.37	1314.8043787192232
1653951788.154701	47.0	2.383099e-09	1311.96	2.364	1310.8434487374047
1653951790.2620354	48.0	1.478633e-09	1307.9950000000001	2.37	1306.87616616602
1653951792.3602326	49.0	-5.527349e-11	1304.635	2.37	1303.519040245571
1653951794.4590049	50.0	2.398464e-09	1301.28	2.37	1300.1669100482177
1653951796.5564501	51.0	1.389432e-09	1297.615	2.376	1296.4994186861709
1653951798.7895365	52.0	-1.080965e-10	1294.2600000000002	2.37	1293.1529148215652
1653951800.8863232	53.0	2.217753e-09	1290.905	2.376	1289.7951873853735
1653951802.9854236	54.0	1.749204e-09	1287.5449999999998	2.376	1286.4380760335582
1653951805.0852072	55.0	7.557888e-10	1283.885	2.37	1282.7867893975592
1653951807.1822991	56.0	1.17861e-10	1280.525	2.376	1279.424111244945
1653951809.2826407	57.0	2.398999e-09	1277.17	2.376	1276.0719955945463
1653951811.381441	58.0	-8.629969e-11	1274.12	2.376	1273.024617730547
1653951813.6135285	59.0	2.310333e-09	1270.4550000000002	2.382	1269.3572461025897
1653951815.7678034	60.0	-1.480228e-10	1267.405	2.382	1266.309881496513
1653951817.8643575	61.0	1.247005e-10	1264.05	2.382	1262.9577804298287
1653951819.9608018	62.0	3.305033e-10	1260.6899999999998	2.376	1259.6061637261196
1653951822.0572474	63.0	5.798568e-10	1257.335	2.382	1256.2485826167785
1653951824.1560352	64.0	4.510188e-10	1254.2800000000002	2.382	1253.1962223310202
1653951826.2644649	65.0	1.511182e-09	1250.6200000000001	2.382	1249.5393848037284
1653951828.3635485	66.0	-3.137523e-11	1247.26	2.388	1246.1768527271138
1653951830.4619873	67.0	1.381643e-09	1243.9	2.388	1242.8197706230112
1653951832.5598598	68.0	-3.607244e-11	1240.24	2.388	1239.1629490453279
1653951834.865419	69.0	1.376537e-09	1236.88	2.382	1235.8112570373378
1653951836.9618645	70.0	8.728922e-11	1233.525	2.394	1232.4483915040094
1653951839.0613015	71.0	5.189687e-11	1230.17	2.388	1229.101694048806
1653951841.1710656	72.0	3.972915e-10	1226.81	2.388	1225.7446119447031
1653951843.2706738	73.0	1.991143e-09	1223.76	2.388	1222.697260629967
1653951845.3681161	74.0	1.522884e-09	1220.1	2.394	1219.0351087120582
1653951847.466556	75.0	2.669944e-09	1216.74	2.394	1215.6780412870337
1653951849.692032	76.0	3.961792e-10	1213.385	2.394	1212.3259694980582
1653951851.792455	77.0	1.986858e-09	1210.025	2.394	1208.9689020730339
1653951853.8918858	78.0	2.067118e-09	1206.67	2.4	1205.6115453953896
1653951855.9913342	79.0	1.816158e-09	1203.3149999999998	2.394	1202.2647584950826
1653951858.0887754	80.0	2.034404e-09	1199.9550000000002	2.394	1198.9076910700583
1653951860.1852233	81.0	2.52351e-09	1196.6000000000001	2.394	1195.5556192810827
1653951862.2856522	82.0	7.299218e-11	1193.24	2.4	1192.1933257871617
1653951864.3847334	83.0	9.201423e-10	1189.885	2.4	1188.8412686921802
1653951866.482177	84.0	1.961971e-09	1186.53	2.4	1185.4892115971984
1653951868.5796208	85.0	2.844061e-09	1183.17	2.406	1182.1269639595203
1653951870.755853	86.0	2.158174e-09	1179.51	2.406	1178.4701904712708
1653951872.878231	87.0	2.531048e-09	1176.455	2.4	1175.4230490839523
1653951874.9756703	88.0	2.355572e-09	1173.1	2.4	1172.0709919889707
1653951877.0731113	89.0	2.611189e-09	1169.745	2.406	1168.7137989104092
1653951879.1715508	90.0	1.182557e-09	1166.385	2.406	1165.3567609539837
1653951881.2809608	91.0	2.538178e-09	1162.725	2.406	1161.6999874657345
1653951883.382391	92.0	3.669257e-10	1159.37	2.406	1158.347945101506
1653951885.5310621	93.0	6.844273e-10	1156.01	2.406	1154.9909071450804
1653951887.6324935	94.0	2.698494e-09	1152.655	2.412	1151.6337912049712
1653951889.7315845	95.0	7.020616e-10	1149.295	2.412	1148.2767680380664
1653951891.8609443	96.0	1.948581e-09	1145.94	2.406	1144.929784460198
1653951893.9583821	97.0	2.890206e-09	1142.585	2.418	1141.5676710745536
1653951896.0551977	98.0	2.443415e-09	1138.9199999999998	2.406	1137.9159730155232
1653951898.1975055	99.0	2.915628e-09	1135.565	2.412	1134.558932299494
1653951900.296324	100.0	2.119246e-10	1132.205	2.412	1131.201909132589
1653951902.3961024	101.0	2.575919e-09	1128.85	2.412	1127.849881535873
1653951904.4942663	102.0	2.030943e-09	1125.1899999999998	2.412	1124.1931241576372
1653951906.7934237	103.0	2.465342e-10	1121.8300000000002	2.418	1120.8311508041559
1653951908.8908575	104.0	3.110561e-10	1118.17	2.418	1117.1744095760346
1653951910.9903018	105.0	8.066314e-10	1115.115	2.418	1114.122129671141
1653951913.0887449	106.0	2.811595e-09	1111.76	2.412	1110.7750226303956
1653951915.1868916	107.0	3.960147e-10	1108.1000000000001	2.424	1107.108473908134
1653951917.2989364	108.0	4.817553e-10	1104.74	2.418	1103.756367310005
1653951919.4057117	109.0	2.891936e-09	1101.385	2.418	1100.4043545175607
1653951921.686309	110.0	1.335868e-09	1097.72	2.418	1096.7426177413136
1653951923.7907336	111.0	2.060731e-09	1094.365	2.424	1093.3857639639698
1653951925.8881822	112.0	5.112141e-10	1091.01	2.424	1090.0337660125558
1653951927.9866235	113.0	9.287948e-10	1087.345	2.424	1086.3720454486418
1653951930.083601	114.0	1.478097e-09	1083.6850000000002	2.424	1082.7153204107358
1653951932.1820407	115.0	2.980519e-09	1080.325	2.424	1079.3583269333137
1653951934.308338	116.0	2.12649e-09	1076.97	2.418	1076.0110930190417
1653951936.4063497	117.0	2.926876e-09	1073.615	2.43	1072.649570071403
1653951938.5114148	118.0	2.036711e-09	1070.2549999999999	2.424	1069.2973375530635
1653951940.60686	119.0	3.511454e-10	1066.595	2.424	1065.6406125151575
1653951942.8439429	120.0	5.424039e-10	1063.235	2.436	1062.274177530857
1653951944.940608	121.0	2.190113e-10	1059.8799999999999	2.43	1058.9269210352675
1653951947.038406	122.0	1.635571e-09	1056.5249999999999	2.43	1055.5749379616427
1653951949.1378446	123.0	9.409906e-10	1053.47	2.43	1052.5226851181485
1653951951.236927	124.0	3.496624e-10	1050.115	2.43	1049.1707020445238
1653951953.3364208	125.0	1.826952e-09	1046.76	2.436	1045.8140656319629
1653951955.4337707	126.0	1.202414e-09	1043.4	2.436	1042.457101991278
1653951957.7549632	127.0	4.006697e-10	1039.74	2.436	1038.8004094541031
1653951959.8544104	128.0	2.390263e-09	1036.3799999999999	2.43	1035.4480530083881
1653951961.952494	129.0	2.301311e-09	1033.025	2.442	1032.0868740557698
1653951964.048942	130.0	2.931944e-09	1029.67	2.442	1028.7349208479993
1653951966.146383	131.0	1.886654e-09	1026.615	2.436	1025.6872702326775
1653951968.2461712	132.0	1.682169e-09	1023.26	2.448	1022.3261706993292
1653951970.345257	133.0	2.439954e-09	1019.9	2.442	1018.973793324924
1653951972.4429116	134.0	1.354656e-09	1016.545	2.442	1015.6218401171535
1653951974.5403533	135.0	7.082011e-10	1013.19	2.442	1012.2698869093831
1653951976.638148	136.0	1.616371e-09	1009.525	2.448	1008.6037052901904
1653951978.8333619	137.0	1.332942e-09	1006.475	2.448	1005.5564887268215
1653951980.9314647	138.0	3.920588e-10	1005.865	1.974	1005.268080490153
1653951983.0302625	139.0	1.713567e-09	999.76	2.436	998.8565385152386
1653951985.1363206	140.0	2.395208e-09	996.4050000000001	2.442	995.5001299518786
1653951987.2337656	141.0	2.899065e-09	993.0450000000001	2.442	992.143181284782
1653951989.3315563	142.0	2.647857e-09	989.69	2.448	988.7868067543137
1653951991.4376261	143.0	1.61534e-09	986.335	2.448	985.4348685346079
1653951993.6447883	144.0	2.909084e-10	983.28	2.448	982.3826565342497
1653951995.7611794	145.0	9.836346e-10	979.925	2.454	979.0263298795521
1653951997.8606167	146.0	3.075533e-09	976.5649999999999	2.442	975.6781473461657
1653951999.961049	147.0	5.353591e-10	973.21	2.454	972.3174880751884
1653952002.0588446	148.0	1.442457e-09	969.855	2.454	968.9655648803052
1653952004.1562839	149.0	2.338186e-09	966.495	2.448	965.612974561742
1653952006.2549067	149.0	1.061184e-10	964.665	2.454	963.780324528161
1653952008.3527098	148.0	-2.685846e-10	964.97	2.454	964.0850448186051
1653952010.4523075	147.0	5.644887e-10	965.275	2.454	964.3897651090489
1653952012.5501018	146.0	-4.811956e-10	966.1899999999999	2.46	965.2995884696142
1653952014.826716	145.0	-7.500499e-10	967.7149999999999	2.448	966.8318611870895
1653952016.925153	144.0	1.561985e-09	968.9399999999999	2.454	968.0514040089735
1653952019.021341	143.0	1.648753e-09	970.77	2.46	969.875367679905
1653952021.1474285	142.0	1.580565e-09	972.6	2.454	971.7080474943006
1653952023.2462204	141.0	-9.676044e-10	974.4300000000001	2.46	973.5319947344169
1653952025.345535	140.0	1.359436e-09	976.5649999999999	2.454	975.6694112700716
1653952027.4428504	139.0	-4.057107e-10	978.705	2.448	977.8118316891963
1653952029.7034004	138.0	-3.834191e-10	980.84	2.454	979.940490750884
1653952031.8477101	137.0	1.308675e-09	982.9749999999999	2.448	982.0779348779128
1653952033.9457948	136.0	1.548601e-10	985.4150000000001	2.454	984.511295107543
1653952036.0442345	135.0	-6.73782e-10	987.555	2.448	986.6537551599554
1653952038.1426766	134.0	-8.951271e-10	989.995	2.448	989.0915284106507
1653952040.2421138	133.0	1.297839e-09	992.435	2.454	991.5248572023505
1653952042.3495283	132.0	-7.062907e-10	994.575	2.448	993.6673486926933
1653952044.4483232	131.0	-6.919943e-10	997.015	2.454	996.1006569736069
1653952046.547401	130.0	1.343779e-09	999.76	2.448	998.8476168504205
1653952048.6451995	129.0	8.527777e-10	1002.2	2.442	1001.2898673107549
1653952050.8609755	128.0	1.215354e-09	1004.645	2.442	1003.7326469211866
1653952052.9587703	127.0	1.25433e-09	1007.39	2.448	1006.4706536958321
1653952055.0558574	126.0	5.535701e-10	1009.83	2.442	1008.9129382422866
1653952057.1550853	125.0	-1.040082e-09	1012.58	2.442	1011.6604408716066
1653952059.255523	124.0	1.116139e-09	1015.02	2.448	1014.0936905412437
1653952061.3519702	123.0	-9.006501e-10	1017.7650000000001	2.442	1016.8407321927065
1653952063.4497626	122.0	-5.830508e-10	1020.205	2.442	1019.2785163438123
1653952065.7721055	121.0	1.260923e-09	1023.26	2.448	1022.3261706993292
1653952067.8699205	120.0	1.014905e-09	1025.7	2.442	1024.7685261431263
1653952069.9687095	119.0	-1.37791e-09	1028.4450000000002	2.43	1027.52018842144
1653952072.0671434	118.0	-1.134151e-09	1031.195	2.436	1030.2631313857541
1653952074.166595	117.0	1.399566e-09	1033.94	2.436	1033.0056507886352
1653952076.265689	116.0	-1.240744e-09	1036.685	2.43	1035.7527787423542
1653952078.3624833	115.0	-1.172058e-09	1039.435	2.436	1038.4956850760052
1653952080.4595711	114.0	-5.856961e-11	1042.18	2.436	1041.2382044788865
1653952082.5560231	113.0	-1.224509e-09	1045.23	2.43	1044.2900947972344
1653952084.652825	112.0	-4.725428e-10	1048.285	2.43	1047.3423476407286
1653952086.8610125	111.0	-6.773661e-10	1050.725	2.436	1049.7754825472355
1653952088.958821	110.0	-1.26732e-09	1053.775	2.436	1052.8227263282145
1653952091.0582683	109.0	-2.432858e-10	1056.5249999999999	2.43	1055.5749379616427
1653952093.165319	108.0	-1.087303e-09	1059.575	2.43	1058.6221953013016
1653952095.2629864	107.0	-6.769954e-10	1062.625	2.436	1061.6647287746614
1653952097.361613	106.0	1.349383e-09	1065.68	2.43	1064.7217054844548
1653952099.4650402	105.0	-1.094429e-09	1068.73	2.43	1067.7689628241135
1653952101.790879	104.0	-1.319732e-09	1071.78	2.43	1070.8162201637722
1653952103.8872685	103.0	-1.098715e-09	1074.53	2.424	1073.5685122899622
1653952105.9860592	102.0	-1.292907e-09	1077.5800000000002	2.43	1076.6110046129597
1653952108.084517	101.0	1.104685e-09	1080.935	2.43	1079.9629876865843
1653952110.182966	100.0	1.498747e-10	1083.6850000000002	2.424	1082.7153204107358
1653952112.2840414	99.0	1.166529e-09	1086.7350000000001	2.424	1085.7625912756575
1653952114.3814843	98.0	7.25175e-10	1090.095	2.424	1089.1195847530794
1653952116.5331445	97.0	1.057304e-09	1093.145	2.418	1092.171691206162
1653952118.6711824	96.0	-8.342698e-10	1096.195	2.424	1095.214126482923
1653952120.7695584	95.0	7.486191e-10	1099.555	2.412	1098.5808357994215
1653952122.8819606	94.0	-1.322698e-09	1102.91	2.424	1101.923117911759
1653952124.9794023	93.0	-2.485599e-10	1105.96	2.418	1104.9752810527123
1653952127.0766737	92.0	-9.732085e-10	1109.015	2.418	1108.0275609576058
1653952129.1757681	91.0	9.044029e-10	1112.3700000000001	2.418	1111.3795737500502
1653952131.2734003	90.0	1.014041e-09	1115.7250000000001	2.412	1114.736509790151
1653952133.3707087	89.0	6.042071e-10	1118.78	2.418	1117.783866447388
1653952135.465575	88.0	-7.844138e-10	1122.44	2.418	1121.4406076755092
1653952137.8389301	87.0	2.96306e-10	1125.495	2.418	1124.4928875804026
1653952139.9367414	86.0	8.575158e-10	1128.85	2.412	1127.849881535873
1653952142.0358062	85.0	-1.534196e-09	1132.205	2.412	1131.201909132589
1653952144.149414	84.0	-1.40733e-09	1135.565	2.412	1134.558932299494
1653952146.2465205	83.0	8.80877e-10	1138.9199999999998	2.406	1137.9159730155232
1653952148.3529541	82.0	2.074738e-11	1141.665	2.406	1140.6585531317103
1653952150.4497607	81.0	-8.761739e-10	1144.11	2.412	1143.0963617522325
1653952152.8141325	80.0	1.366029e-09	1146.5500000000002	2.406	1145.5392467082397
1653952154.911573	79.0	6.796473e-10	1148.99	2.4	1147.9821405552873
1653952157.009012	78.0	-1.273706e-09	1151.435	2.412	1150.4148720788926
1653952159.1098053	77.0	6.905244e-10	1153.875	2.406	1152.8577892769351
1653952161.2078848	76.0	-1.743108e-10	1156.6200000000001	2.4	1155.6054477489417
1653952163.3645213	75.0	6.900303e-10	1159.06	2.406	1158.038218385288
1653952165.4839044	74.0	-1.421753e-09	1161.505	2.4	1160.4861627739747
1653952167.797678	73.0	1.104027e-09	1164.25	2.406	1163.2236430858384
1653952169.8934793	72.0	5.359357e-10	1166.69	2.406	1165.6614920780046
1653952171.9895778	71.0	-4.718425e-10	1169.44	2.4	1168.414202430809
1653952174.0883703	70.0	8.810003e-10	1172.185	2.406	1171.1516479025754
1653952176.1868005	69.0	-1.489902e-09	1174.93	2.4	1173.8993867680517
1653952178.2888727	68.0	-9.464264e-10	1177.68	2.4	1176.6469745508236
1653952180.3883085	67.0	-1.377664e-09	1180.425	2.394	1179.3947366621026
1653952182.5356188	66.0	6.621365e-10	1182.865	2.4	1181.8274264248862
1653952184.6353946	65.0	-8.188595e-10	1185.92	2.4	1184.8797466708381
1653952186.7318463	64.0	-1.489573e-09	1188.665	2.4	1187.6223388394594
1653952188.8791502	63.0	-3.837081e-10	1191.715	2.394	1190.6748828610691
1653952190.9766004	62.0	3.42081e-10	1194.1599999999999	2.4	1193.1125187908526
1653952193.0730474	61.0	-4.147012e-11	1197.21	2.4	1196.1598434226544
1653952195.1940677	60.0	-1.32208e-09	1200.26	2.394	1199.212424869056
1653952197.2895157	59.0	-1.481003e-09	1203.01	2.4	1201.9547558372276
1653952199.3972707	58.0	3.995576e-10	1206.06	2.394	1205.0073626860626
1653952201.4943662	57.0	-4.040212e-10	1209.1100000000001	2.394	1208.0547006760405
1653952203.8800478	56.0	-7.724226e-10	1212.165	2.394	1211.1070343020672
1653952205.978484	55.0	1.017955e-09	1215.2150000000001	2.388	1214.1596812908133
1653952208.0769203	54.0	-7.488636e-11	1218.265	2.394	1217.2017102820228
1653952210.2022855	53.0	1.033818e-09	1221.32	2.382	1220.2647018666655
1653952212.2987745	52.0	1.138183e-09	1224.3700000000001	2.388	1223.3067308929144
1653952214.4041946	51.0	-7.684673e-10	1227.7250000000001	2.388	1226.658817339124
1653952216.5009913	50.0	-1.63836e-09	1231.085	2.382	1230.0212642857925
1653952218.7247827	49.0	-7.318375e-10	1233.8300000000002	2.394	1232.7531253030072
1653952220.8243997	48.0	3.946546e-10	1237.185	2.382	1236.1159934979453
1653952222.9236655	47.0	4.14102e-10	1240.545	2.376	1239.4784827194785
1653952225.0231087	46.0	1.080171e-09	1243.9	2.388	1242.8197706230112
1653952227.1195536	45.0	-1.647796e-09	1247.26	2.382	1246.182288057362
1653952229.2169943	44.0	9.353056e-10	1250.6200000000001	2.376	1249.5448210735074
1653952231.3174267	43.0	5.782089e-10	1253.975	2.382	1252.8914858704122
1653952233.414219	42.0	-1.277786e-09	1257.335	2.382	1256.2485826167785
1653952235.5143003	41.0	-9.015141e-10	1260.6899999999998	2.376	1259.6061637261196
1653952237.6127412	40.0	6.70335e-10	1264.355	2.376	1263.2680128643347
1653952239.8298612	39.0	-6.523971e-10	1267.71	2.382	1266.6146179571208
1653952241.9276717	38.0	-1.555704e-09	1271.065	2.376	1269.972244165132
1653952244.0257418	37.0	-1.434079e-10	1274.73	2.376	1273.634093303347
1653952246.127174	36.0	-8.08394e-10	1278.0849999999998	2.376	1276.9862089537455
1653952248.2246132	35.0	5.211855e-10	1281.75	2.37	1280.6536156356074
1653952250.3210568	34.0	-1.479849e-09	1285.105	2.37	1284.0057458329604
1653952252.420835	33.0	-1.725671e-09	1288.765	2.376	1287.6570271791581
1653952254.6605558	32.0	-1.52361e-09	1292.43	2.37	1291.3244801684634
1653952256.803872	31.0	1.028586e-09	1296.09	2.37	1294.9813494746668
1653952258.9013135	30.0	-1.10844e-09	1299.7549999999999	2.37	1298.6432145039662
1653952261.0250566	29.0	-1.265631e-09	1303.415	2.376	1302.294432329185
1653952263.1231277	28.0	-1.341365e-09	1307.385	2.376	1306.2610192538
1653952265.2225654	27.0	2.563402e-10	1311.045	2.37	1309.923557254523
1653952267.3339713	26.0	-1.671365e-09	1314.705	2.37	1313.5804265607264
1653952269.4304173	25.0	3.012916e-10	1318.3700000000001	2.364	1317.2479934692615
1653952271.531847	24.0	-7.485665e-10	1322.335	2.364	1321.2096190327266
1653952273.627694	23.0	4.242789e-10	1326.305	2.364	1325.1762403409125
1653952275.8358397	22.0	-1.575768e-09	1330.27	2.364	1329.1378659043776
1653952277.9312868	21.0	2.454217e-10	1333.935	2.358	1332.805501365842
1653952280.0290973	20.0	-9.954597e-10	1337.8999999999999	2.364	1336.7613723480697
1653952282.1331682	19.0	-7.244622e-10	1341.8649999999998	2.364	1340.7229979115348
1653952284.2303205	18.0	-4.457605e-10	1345.835	2.358	1344.6954251374304
1653952286.3284092	17.0	-4.147016e-11	1349.8	2.358	1348.6570678058629
1653952288.4262059	16.0	-1.731233e-09	1354.0749999999998	2.358	1352.9284479843113
1653952290.721979	15.0	-1.689329e-09	1358.0400000000002	2.358	1356.8900906527442
1653952292.841145	14.0	1.043254e-09	1362.01	2.346	1360.8684357099821
1653952294.9395807	13.0	2.473584e-10	1366.28	2.358	1365.1231134996253
1653952297.0380206	12.0	-1.935687e-09	1370.25	2.358	1369.0897519343484
1653952299.1374562	11.0	-1.663987e-09	1374.52	2.346	1373.3679504938177
1653952301.235144	10.0	-1.691925e-09	1378.49	2.346	1377.334623051118
1653952303.3323379	9.0	6.916789e-10	1382.76	2.352	1381.5951092543296
1653952305.4307795	8.0	3.478908e-10	1387.035	2.346	1385.8724610869194
1653952307.5282166	7.0	-1.668439e-09	1391.3049999999998	2.34	1390.1448385414476
1653952309.6256578	6.0	-8.507509e-10	1395.885	2.346	1394.715043487954
1653952311.7859287	5.0	2.88189e-10	1400.155	2.346	1398.9814646012217
1653952313.8827317	4.0	-1.262377e-09	1404.43	2.34	1403.2588940546937
1653952315.980165	3.0	7.075001e-10	1408.7	2.346	1407.519302637023
1653952318.0782542	2.0	-1.741821e-09	1413.2800000000002	2.346	1412.0954639247905
1653952320.1750512	1.0	5.705036e-10	1417.55	2.34	1416.3679537372677
1653952322.2731357	0.0	4.822084e-10	1421.8249999999998	2.334	1420.6454603835184
1653952324.3729286	-1.0	7.179735e-11	1426.3999999999999	2.34	1425.210574026199
1653952326.5228715	-2.0	6.768461e-10	1430.98	2.334	1429.7928654367502
1653952328.6502316	-3.0	-8.015555e-10	1435.555	2.34	1434.3579399861053
1653952330.74767	-4.0	-4.098312e-10	1439.83	2.334	1438.6355235166081
1653952332.8441174	-5.0	-1.562224e-10	1444.405	2.328	1443.212880132856
1653952334.9384604	-6.0	-1.892262e-10	1448.9850000000001	2.334	1447.7829285698401
1653952337.0359044	-7.0	6.149612e-10	1453.865	2.334	1452.6588801438181
1653952339.1522915	-8.0	9.458528e-10	1458.445	2.328	1457.2412924113135
1653952341.2497318	-9.0	-1.204238e-09	1463.02	2.328	1461.8125164977766
1653952343.3472543	-10.0	-4.387149e-10	1467.905	2.328	1466.6934847299892
1653952345.4466925	-11.0	-1.537864e-09	1472.4850000000001	2.322	1471.2759601695868
1653952347.739612	-12.0	-1.336872e-09	1477.365	2.322	1476.1519532599254
1653952349.8589947	-13.0	4.108471e-10	1482.25	2.328	1481.0266452808776
1653952351.9544435	-14.0	-6.008513e-10	1486.825	2.316	1485.61048587522
1653952354.0528812	-15.0	7.739173e-10	1491.71	2.316	1490.4914955592787
1653952356.1513197	-16.0	5.808035e-10	1496.59	2.322	1495.3611678422542
1653952358.2578678	-17.0	4.695181e-10	1501.475	2.316	1500.2485190116495
1653952360.3621552	-18.0	-8.111946e-10	1506.05	2.322	1504.8134003493453
1653952362.4596035	-19.0	-1.597775e-09	1511.24	2.316	1510.0055424640207
1653952364.559034	-20.0	-1.923695e-09	1516.125	2.31	1514.8929597962795
1653952366.6574714	-21.0	-1.874869e-09	1521.005	2.31	1519.7689941890942
1653952368.8626287	-22.0	-1.449327e-10	1526.195	2.316	1524.9483264609696
1653952370.9600675	-23.0	-6.866795e-10	1531.3799999999999	2.316	1530.1290910898015
1653952373.058506	-24.0	-2.110649e-10	1536.265	2.304	1535.0230694735892
1653952375.1549504	-25.0	-1.67017e-09	1541.45	2.31	1540.1973800827604
1653952377.2533858	-26.0	7.452827e-10	1546.335	2.31	1545.0784104124527
1653952379.3518255	-27.0	-8.357948e-10	1551.83	2.31	1550.5689450412467
1653952381.4622328	-28.0	-2.662773e-10	1556.71	2.304	1555.4515415505991
1653952383.6846957	-29.0	-4.477388e-10	1562.2050000000002	2.304	1560.9420993428794
1653952385.7877703	-30.0	-2.023448e-09	1567.085	2.304	1565.8181543067242
1653952387.8852065	-31.0	3.677087e-10	1572.5800000000002	2.304	1571.3087120990044
1653952389.9840028	-32.0	4.443852e-10	1577.77	2.298	1576.501150060184
1653952392.0820847	-33.0	-1.160604e-09	1582.6499999999999	2.298	1581.3772255415872
1653952394.180523	-34.0	-1.927238e-09	1588.145	2.304	1586.8611292121693
1653952396.2799559	-35.0	-1.630492e-09	1593.635	2.292	1592.3600741988396
1653952398.3774383	-36.0	3.57697e-10	1598.825	2.292	1597.5459221408667
1653952400.4768791	-37.0	5.724822e-10	1604.015	2.292	1602.7317700828935
1653952402.5743203	-38.0	2.242029e-10	1609.8100000000002	2.298	1608.5153833438242
1653952404.8556182	-39.0	-1.61537e-09	1615.0	2.286	1613.7147367022985
1653952406.9525952	-40.0	1.15224e-10	1620.4950000000001	2.292	1619.1985858988094
1653952409.0499082	-41.0	-1.960736e-09	1625.9850000000001	2.286	1624.6909945243883
1653952411.174612	-42.0	-1.779646e-09	1631.4799999999998	2.286	1630.181621445861
1653952413.2728772	-43.0	-6.378115e-10	1637.2800000000002	2.286	1635.9770056395912
1653952415.3713167	-44.0	-1.884428e-09	1642.465	2.28	1641.1647308851911
1653952417.470112	-45.0	-1.305971e-09	1648.2649999999999	2.28	1646.9601392738837
1653952419.6928608	-46.0	-1.561557e-09	1653.755	2.274	1652.452673669176
1653952421.792208	-47.0	-1.234935e-09	1659.25	2.28	1657.9364429203993
1653952423.8989568	-48.0	-2.101159e-09	1665.05	2.274	1663.7387788958226
1653952425.9980597	-49.0	-3.971405e-10	1670.5400000000002	2.274	1669.2244555398504
1653952428.0945094	-50.0	-1.15846e-09	1676.3400000000001	2.28	1675.0129135001853
1653952430.1899545	-51.0	3.910289e-10	1682.445	2.274	1681.120080393611
1653952432.2903876	-52.0	-3.632703e-10	1688.24	2.268	1686.9175224229139
1653952434.388819	-53.0	4.389876e-10	1693.7350000000001	2.274	1692.4011895577407
1653952436.486259	-54.0	-1.773259e-09	1699.535	2.268	1698.2036745196342
1653952438.5843525	-55.0	-1.446226e-09	1705.635	2.268	1704.29889610352
1653952440.7632048	-56.0	6.149197e-10	1711.435	2.268	1710.0943526914773
1653952442.8865736	-57.0	-1.465963e-09	1717.235	2.262	1715.8969163528434
1653952444.9850109	-58.0	4.416657e-10	1723.335	2.268	1721.9850308633206
1653952447.0824478	-59.0	-6.730386e-10	1729.4399999999998	2.256	1728.0995447516339
1653952449.179922	-60.0	-1.855214e-09	1735.24	2.256	1733.8950492846386
1653952451.2836561	-61.0	-8.178707e-10	1741.345	2.262	1739.9881296423857
1653952453.3876388	-62.0	-1.544291e-09	1747.14	2.25	1745.7930183776168
1653952455.5375934	-63.0	-2.103959e-09	1753.245	2.256	1751.8860939599397
1653952457.667307	-64.0	3.872383e-10	1759.3500000000001	2.25	1757.993604910116
1653952459.7823405	-65.0	-2.293538e-09	1765.7549999999999	2.256	1764.386397702679
1653952461.8813024	-66.0	-1.489491e-09	1771.8600000000001	2.244	1770.5012350552097
1653952463.979093	-67.0	-8.539321e-11	1777.965	2.25	1776.5942534197368
1653952466.0788503	-68.0	-3.324913e-10	1784.3700000000001	2.256	1782.9869695788655
1653952468.1779969	-69.0	4.230018e-10	1790.78	2.244	1789.4067261026087
1653952470.2754333	-70.0	-2.056122e-09	1796.885	2.244	1795.5070444347637
1653952472.3739486	-71.0	-2.159676e-10	1803.295	2.244	1801.912128875241
1653952474.472672	-72.0	-2.283897e-09	1810.005	2.244	1808.6169832583303
1653952476.7782104	-73.0	-1.78595e-09	1816.4150000000002	2.238	1815.0295056304778
1653952478.902573	-74.0	1.06113e-11	1822.8249999999998	2.244	1821.4271521392843
1653952481.0000167	-75.0	3.759969e-11	1829.235	2.232	1827.8471973903347
1653952483.0968168	-76.0	-1.96667e-09	1835.64	2.232	1834.2473380498375
1653952485.1962469	-77.0	-6.617493e-10	1842.355	2.232	1840.9572435187772
1653952487.301362	-78.0	3.429466e-10	1849.07	2.232	1847.667148987717
1653952489.4067786	-79.0	-1.727317e-09	1855.48	2.226	1854.0798430862076
1653952491.6991098	-80.0	-9.326288e-11	1862.4950000000001	2.226	1861.0895495229518
1653952493.8095179	-81.0	-7.216685e-11	1869.21	2.232	1867.7918691879324
1653952495.9089463	-82.0	-2.475741e-09	1875.925	2.226	1874.5094151602248
1653952498.0073864	-83.0	-6.35091e-10	1882.6399999999999	2.22	1881.2269952020322
1653952500.106186	-84.0	-2.426217e-09	1889.6599999999999	2.226	1888.2340506425737
1653952502.2046018	-85.0	2.404368e-11	1896.675	2.22	1895.2514613122075
1653952504.3016996	-86.0	-1.384009e-09	1903.695	2.22	1902.2661924909344
1653952506.3974965	-87.0	-2.154725e-09	1910.4099999999999	2.22	1908.976152585685
1653952508.5115356	-88.0	-8.312699e-11	1917.7350000000001	2.208	1916.3111713605683
1653952510.6103168	-89.0	-4.38188e-11	1924.7549999999999	2.214	1923.3181832286034
1653952512.8949273	-90.0	-2.283114e-09	1932.075	2.208	1930.6405245805443
1653952514.9926894	-91.0	-8.278007e-10	1939.095	2.208	1937.6553125585242
1653952517.0921693	-92.0	-2.152416e-09	1946.115	2.208	1944.670100536504
1653952519.2171679	-93.0	-7.198884e-10	1953.4399999999998	2.202	1951.9975326591025
1653952521.3235826	-94.0	-1.171357e-09	1961.07	2.208	1959.613997147713
1653952523.4243565	-95.0	-1.109395e-10	1968.395	2.196	1966.9493988034478
1653952525.5228035	-96.0	2.459162e-10	1975.72	2.196	1974.2690192791324
1653952527.7090023	-97.0	-6.93724e-10	1983.0400000000002	2.196	1981.5836434268476
1653952529.808081	-98.0	-2.360164e-09	1990.6699999999998	2.202	1989.200041126677
1653952531.91653	-99.0	-7.649655e-10	1998.3000000000002	2.196	1996.8324363905265
1653952534.0286217	-100.0	-9.461784e-10	2005.625	2.202	2004.143997992983
1653952536.1250782	-101.0	-1.06394e-09	2013.5600000000002	2.19	2012.089298046399
1653952538.221168	-102.0	-2.266714e-09	2021.1899999999998	2.19	2019.7137251030022
1653952540.329577	-103.0	2.583179e-10	2028.8200000000002	2.19	2027.3381521596057
1653952542.4263725	-104.0	-6.134591e-10	2037.06	2.19	2035.5721336728966
1653952544.532437	-105.0	-1.296821e-09	2044.685	2.178	2043.2078839942797
1653952546.6292098	-106.0	-7.353392e-10	2052.9249999999997	2.184	2051.43374983312
1653952548.8333824	-107.0	-1.924065e-09	2060.86	2.184	2059.3629858280674
1653952550.9312181	-108.0	-1.717057e-09	2068.795	2.178	2067.300466510952
1653952553.029653	-109.0	7.505225e-11	2077.0350000000003	2.172	2075.542768557346
1653952555.1367128	-110.0	-1.20296e-09	2085.275	2.178	2083.7685610723274
1653952557.234153	-111.0	3.167417e-10	2093.515	2.172	2092.0109286152283
1653952559.3329413	-112.0	-2.212325e-09	2101.7549999999997	2.172	2100.2450086441695
1653952561.4410033	-113.0	-1.593537e-10	2110.2999999999997	2.166	2108.7922333934494
1653952563.6531382	-114.0	-9.498041e-10	2118.54	2.166	2117.026346080348
1653952565.7775044	-115.0	-2.186531e-09	2127.3900000000003	2.166	2125.8700229346023
1653952567.876985	-116.0	-1.42414e-09	2135.63	2.166	2134.1041356215005
1653952569.9774187	-117.0	-1.453395e-09	2144.48	2.166	2142.9478124757543
1653952572.0758538	-118.0	-2.046976e-09	2153.33	2.16	2151.80000012116
1653952574.1746483	-119.0	-5.795162e-11	2162.18	2.154	2160.6522340296865
1653952576.2737253	-120.0	-2.490574e-09	2171.0299999999997	2.16	2169.487423786898
1653952578.379858	-121.0	-1.424141e-09	2180.185	2.148	2178.6530810995305
1653952580.479937	-122.0	-1.313716e-09	2189.035	2.148	2187.4968625986835
1653952582.5773764	-123.0	-1.192214e-10	2198.7999999999997	2.148	2197.255001168088
1653952584.8297477	-124.0	-2.49836e-09	2207.65	2.148	2206.0987826672413
1653952586.9275122	-125.0	-1.365055e-09	2217.415	2.142	2215.8656124179643
1653952589.0259495	-126.0	-4.705647e-10	2226.57	2.142	2225.0142154903197
1653952591.1551816	-127.0	-7.378945e-10	2236.0299999999997	2.136	2234.4763450875366
1653952593.2522802	-128.0	-1.039012e-09	2245.4950000000003	2.136	2243.9347685461908
1653952595.3517172	-129.0	-2.278168e-09	2255.26	2.136	2253.6929835566243
1653952597.4491527	-130.0	-7.769966e-10	2265.33	2.13	2263.7648159797363
1653952599.7141476	-131.0	-1.140743e-09	2275.0950000000003	2.13	2273.523069050169
1653952601.8558264	-132.0	-1.286645e-09	2284.86	2.13	2283.281322120601
1653952603.95391	-133.0	-1.941709e-10	2295.235	2.13	2293.6491537238508
1653952606.0536842	-134.0	-2.527656e-09	2305.6150000000002	2.124	2304.0309429556055
1653952608.1517787	-135.0	-1.590563e-09	2315.685	2.118	2314.102999275541
1653952610.2635348	-136.0	-1.764566e-09	2326.365	2.124	2324.7666868097735
1653952612.36297	-137.0	-1.545733e-09	2336.74	2.112	2335.1526460232258
1653952614.4600568	-138.0	-2.574011e-09	2347.115	2.118	2345.5115273211213
1653952616.5598595	-139.0	-7.417259e-10	2358.105	2.112	2356.5031327193437
1653952618.6579258	-140.0	-6.085561e-10	2369.395	2.106	2367.794594466958
1653952620.8620827	-141.0	-2.645832e-09	2379.77	2.106	2378.1625866833656
1653952622.9595242	-142.0	-1.729377e-09	2390.755	2.106	2389.1401668758704
1653952625.056964	-143.0	-8.546244e-10	2402.05	2.106	2400.427537679179
1653952627.1574392	-144.0	-2.011335e-09	2413.34	2.094	2411.728433376373
1653952629.2562268	-145.0	-2.455139e-09	2424.63	2.1	2423.0016034075434
1653952631.3543122	-146.0	-8.307263e-10	2436.535	2.094	2434.907944349615
1653952633.4517531	-147.0	-3.371475e-10	2448.435	2.088	2446.8093530153633
1653952635.7775836	-148.0	-1.880812e-11	2460.03	2.088	2458.3966544745463
1653952637.884002	-149.0	-7.957439e-10	2471.935	2.088	2470.2937501081437
1653952639.9814382	-150.0	-1.818544e-09	2483.835	2.082	2482.19531228139
1653952642.0778809	-151.0	-2.570013e-09	2496.04	2.082	2494.392255229048
1653952644.1763203	-152.0	-2.682914e-09	2508.8700000000003	2.082	2507.2137855869705
1653952646.2769454	-153.0	-1.225869e-09	2521.3799999999997	2.076	2519.725105822501
1653952648.3761842	-154.0	-2.158762e-09	2533.895	2.07	2532.241490076352
1653952650.4739778	-155.0	-3.378072e-10	2546.7099999999996	2.076	2545.038480613482
1653952652.573419	-156.0	-2.545417e-09	2559.8349999999996	2.064	2558.1742313720683
1653952654.6708567	-157.0	-2.495972e-09	2572.955	2.064	2571.285719384226
1653952656.819799	-158.0	-2.136059e-09	2586.08	2.064	2584.402204152486
1653952658.918234	-159.0	-4.678535e-11	2599.5049999999997	2.064	2597.8184942868775
1653952661.0160153	-160.0	-1.91838e-09	2613.24	2.052	2611.5642380375916
1653952663.1165187	-161.0	2.589771e-10	2626.6650000000004	2.052	2624.9806291442856
1653952665.214596	-162.0	-2.743066e-09	2640.705	2.052	2639.011625877095
1653952667.315042	-163.0	-1.3522e-09	2624.5299999999997	1.746	2623.3114842386444
1653952669.4154754	-164.0	-2.02485e-09	2669.085	2.04	2667.393384721318
1653952671.6655128	-165.0	-1.855872e-09	2683.125	2.04	2681.424486436508
1653952673.7868946	-166.0	-5.318351e-10	2697.775	2.04	2696.065201545306
1653952675.8873181	-167.0	-2.810726e-09	2712.115	2.034	2710.4062082958617
1653952677.9847534	-168.0	-1.727894e-09	2727.0699999999997	2.034	2725.351785767711
1653952680.0812433	-169.0	-7.457223e-10	2742.33	2.028	2740.612348655022
1653952682.1810327	-170.0	-1.13621e-09	2756.975	2.028	2755.248175796924
