----------------------------------------------------------------------------------------------------------------------
time (s)	T (K)	B (T)	R1 (Ohm)	Theta1 (deg.)	 X1 (Ohm)	 R2 (Ohm)	 Theta2 (deg.)	 X2 (Ohm)
----------------------------------------------------------------------------------------------------------------------

1656754728.2062230	1.45200	nan	0.152589000	0.00	0.152589000	0.220538000	-6.32	0.219198548	0.609745000
1656754733.5858850	1.45200	nan	0.267030000	0.00	0.267030000	0.266434000	4.13	0.265742797	-0.719608800
1656754738.8797700	1.45200	nan	0.247956500	-14.03	0.240555493	0.223594000	-10.65	0.219742470	-0.718991000
1656754742.1546879	1.45200	nan	0.267030000	-12.34	0.260864686	0.224488000	-8.45	0.222048761	-0.886725100
1656754745.3930531	1.45200	nan	0.267030000	-2.83	0.266705256	0.291542000	-6.71	0.289546205	1.254402000
1656754748.6567121	1.45200	nan	0.274182500	-5.23	0.273042769	0.247732000	-8.89	0.244758631	1.022653000
1656754752.0822260	1.45200	nan	0.280143000	-5.80	0.278710842	0.228584000	-4.00	0.228028293	-1.272953000
1656754755.4612169	1.45200	-0.000000	0.267626000	-7.00	0.265630018	0.240580000	1.43	0.240505283	0.943344100
1656754758.6929541	1.45200	-0.000000	0.324251500	-10.00	0.319323425	0.255184000	1.36	0.255111904	1.165616000
1656754761.9608951	1.45200	0.000000	0.329616000	-8.47	0.326019223	0.225978000	1.27	0.225922838	1.559656000
1656754763.6833031	1.45300	0.001438	0.332894500	-7.45	0.330082827	0.260474000	-4.34	0.259725726	0.710521200
1656754765.1986330	1.45300	0.007190	0.049770150	17.89	0.047363132	0.215994000	-2.60	0.215771991	-0.105741900
1656754768.9695680	1.45300	0.018694	1.092185000	-7.34	1.083239952	0.037923600	-1.21	0.037915199	1.234092000
1656754774.2365389	1.45300	0.037388	2.730360000	-7.60	2.706400466	0.248664000	163.52	-0.238446126	1.572098000
1656754777.9951570	1.45300	0.048892	5.460700000	-7.67	5.411793418	0.766446000	170.62	-0.756202297	-0.004343779
1656754781.2744150	1.45300	0.060396	10.921450000	-7.70	10.822871281	1.012166000	169.78	-0.996094165	0.524296900
1656754786.5333979	1.45300	0.077652	27.303850000	-7.75	27.054710815	1.105968000	169.48	-1.087385092	0.022725900
1656754789.8016870	1.45300	0.089156	54.607500000	-7.78	54.104588291	1.171086000	168.82	-1.148846325	1.308706000
1656754793.0729680	1.45300	0.099222	109.215500000	-7.82	108.200358886	1.616264000	170.47	-1.593967357	-0.026098540
1656754796.3765171	1.45300	0.110726	172.530500000	-7.85	170.912076188	1.859004000	170.93	-1.835749681	-0.851705300
1656754799.6196971	1.45300	0.120792	201.360000000	-7.89	199.453812824	2.201200000	171.31	-2.175942430	1.058869000
1656754800.8525870	1.45300	0.125106	212.575000000	-7.91	210.550403735	2.367060000	171.50	-2.341084310	0.166721300
1656754803.0603430	1.45300	0.133734	233.127000000	-7.94	230.893197770	2.781760000	170.29	-2.741925013	1.359631000
1656754806.4772370	1.45300	0.143800	265.313500000	-7.97	262.748216012	3.195880000	171.36	-3.159612338	-0.953967800
1656754807.6850171	1.45300	0.148114	276.872000000	-8.00	274.178845622	3.355160000	171.60	-3.319166961	0.682216800
1656754808.9500029	1.45300	0.152428	288.850000000	-8.01	286.031911050	3.412380000	170.56	-3.366188737	1.235821000
1656754810.2571621	1.45300	0.156742	301.190500000	-8.02	298.243217563	3.480480000	170.56	-3.433366910	0.868565400
1656754811.9909079	1.45300	0.162494	317.919500000	-8.05	314.789904981	3.528160000	170.26	-3.477262015	0.629275200
1656754813.2575190	1.45300	0.166808	330.069000000	-8.06	326.805275465	3.512960000	170.59	-3.465648242	0.470531200
1656754814.9855571	1.45300	0.172560	346.682000000	-8.08	343.238710794	3.418640000	170.57	-3.372481335	0.478853600
1656754816.2541730	1.45300	0.176874	358.736500000	-8.09	355.162913147	3.366040000	170.38	-3.318666672	-0.892493000
1656754817.9799221	1.45300	0.182626	375.235000000	-8.12	371.474898933	3.230000000	169.70	-3.177928511	1.381506000
1656754819.2545350	1.45300	0.186940	387.423000000	-8.14	383.523560945	3.084560000	170.41	-3.041471607	-0.765467600
1656754820.9825721	1.45300	0.192692	403.731000000	-8.16	399.643451118	3.058040000	171.02	-3.020590573	0.432956300
1656754822.3532741	1.45300	0.197006	416.643500000	-8.17	412.412824556	2.913200000	170.44	-2.872708345	-0.837366200
1656754824.0803180	1.45300	0.202758	432.722500000	-8.19	428.309210509	2.748680000	169.95	-2.706503818	-0.469390600
1656754825.4699819	1.45300	0.208510	445.616000000	-8.21	441.051246279	2.643640000	170.42	-2.606803009	-0.842680000
1656754826.6967161	1.45300	0.211386	456.774000000	-8.23	452.074437785	2.459000000	169.37	-2.416785014	1.067724000
1656754830.2170880	1.45300	0.224328	489.542500000	-8.26	484.461691174	1.957872000	168.21	-1.916566902	0.228809400
1656754831.5912941	1.45300	0.228642	501.100000000	-8.27	495.884147289	1.834790000	167.63	-1.792222015	-0.761141100
1656754832.7974420	1.45300	0.232956	511.895000000	-8.29	506.543616577	1.624682000	167.86	-1.588324822	0.580659100
1656754834.1757629	1.45300	0.237270	523.915000000	-8.31	518.414195893	1.436928000	167.36	-1.402091969	0.131371400
1656754835.8891921	1.45300	0.243022	538.640000000	-8.33	532.960108619	1.109248000	165.70	-1.074888325	1.646219000
1656754837.2555621	1.45300	0.247336	550.385000000	-8.34	544.564551098	0.827020000	160.96	-0.781755772	-0.815981500
1656754838.9859390	1.45300	0.253088	564.885000000	-8.36	558.885442061	0.538680000	152.77	-0.478964612	0.474609200
1656754840.2604780	1.45300	0.257402	575.490000000	-8.36	569.369044828	0.254812000	133.90	-0.176674288	-0.312040400
1656754844.0075450	1.45300	0.268906	605.775000000	-8.41	599.267177203	0.583010000	2.95	0.582236363	-1.135543000
1656754845.2628500	1.45300	0.273220	615.810000000	-8.42	609.175503724	0.818674000	3.57	0.817085337	1.168914000
1656754846.4925799	1.45300	0.277534	625.270000000	-8.43	618.514400631	1.062084000	0.73	1.061997324	0.928881300
1656754847.7023499	1.45300	0.281848	634.620000000	-8.44	627.743881340	1.342082000	-0.48	1.342034904	1.564888000
1656754849.2256520	1.45400	0.287600	646.290000000	-8.45	639.267550911	1.726606000	-0.43	1.726556922	0.066234070
1656754850.9630139	1.45400	0.293352	659.375000000	-8.47	652.179885867	2.132960000	-2.62	2.130737164	0.775413200
1656754854.2961259	1.45400	0.303418	684.055000000	-8.50	676.537716603	2.929280000	-3.58	2.923557374	-0.066394010
1656754855.5803499	1.45400	0.307732	692.905000000	-8.51	685.268990936	3.211060000	-4.87	3.199486724	0.935392100
1656754856.7934749	1.45400	0.312046	701.415000000	-8.53	693.663443819	3.495080000	-4.76	3.483005334	0.817269600
1656754858.1784289	1.45400	0.316360	711.065000000	-8.53	703.195755116	3.871200000	-4.87	3.857213044	0.844050700
1656754861.9208050	1.45400	0.329302	736.355000000	-8.57	728.137089047	4.776140000	-5.05	4.757629611	-0.768599600
1656754863.1681249	1.45400	0.333616	744.670000000	-8.57	736.347669525	5.092660000	-5.23	5.071490670	0.752587700
1656754864.4826219	1.45400	0.337930	753.025000000	-8.59	744.585765922	5.359680000	-5.60	5.334118644	0.505468200
1656754865.6943901	1.45400	0.342244	760.770000000	-8.59	752.232068849	5.691080000	-5.54	5.664458839	0.693216700
1656754866.9095180	1.45400	0.346558	768.400000000	-8.60	759.752379605	6.011160000	-5.32	5.985246833	-1.141516000
1656754869.1684821	1.45400	0.353748	782.435000000	-8.62	773.604895805	6.532120000	-5.74	6.499345071	1.083424000
1656754870.4769881	1.45400	0.358062	790.220000000	-8.63	781.277227421	6.896300000	-5.83	6.860605532	0.203100900
1656754871.6907711	1.45400	0.362376	797.465000000	-8.64	788.415163617	7.213400000	-5.62	7.178702518	-0.326666900
1656754872.9144990	1.45400	0.366690	804.640000000	-8.65	795.496077260	7.471480000	-6.20	7.427722693	0.938687700
1656754875.1611581	1.45400	0.373880	817.645000000	-8.66	808.314633496	8.047260000	-5.97	8.003615605	1.513924000
1656754876.5684080	1.45400	0.378194	825.505000000	-8.67	816.071914150	8.361980000	-6.28	8.311865263	0.107516600
1656754877.7855141	1.45400	0.382508	832.180000000	-8.68	822.657497468	8.621840000	-6.43	8.567670995	0.839477800
1656754879.1828010	1.45400	0.386822	839.770000000	-8.69	830.134097026	8.915700000	-5.98	8.867151204	0.799967000
1656754880.8948729	1.45400	0.392574	848.965000000	-8.69	839.210155615	9.344260000	-6.32	9.287507005	1.055985000
1656754884.2319779	1.45500	0.404078	866.515000000	-8.72	856.503561277	10.166240000	-6.07	10.109204911	0.204460500
1656754885.5139229	1.45500	0.408392	872.730000000	-8.72	862.632897994	10.427320000	-6.41	10.362173707	-0.448335600
1656754886.7675731	1.45500	0.412706	878.875000000	-8.73	868.692838801	10.707460000	-6.52	10.638164697	1.183045000
1656754888.0969810	1.45500	0.417020	885.395000000	-8.74	875.109137202	10.974480000	-6.35	10.907191906	0.572418200
1656754889.8174450	1.45500	0.422772	893.635000000	-8.75	883.239183167	11.355960000	-6.41	11.284879100	-0.040642560
1656754891.2452841	1.45500	0.427086	900.310000000	-8.76	889.807834220	11.669480000	-6.25	11.600076205	-0.720763700
1656754895.0002761	1.45500	0.440028	917.365000000	-8.78	906.619950485	12.451480000	-6.49	12.371636779	1.411294000
1656754896.2090540	1.45500	0.444342	923.160000000	-8.78	912.332316013	12.788840000	-6.45	12.707890042	-0.654717100
1656754897.5903690	1.45500	0.448656	928.655000000	-8.79	917.748009672	12.962900000	-6.63	12.876209938	1.132039000
1656754898.8011439	1.45500	0.452970	933.845000000	-8.80	922.862104486	13.243040000	-6.49	13.158277747	0.421585200
1656754900.1718509	1.45500	0.457284	939.795000000	-8.80	928.727072470	13.562520000	-6.58	13.473127059	0.962583800
1656754901.9008820	1.45500	0.463036	946.965000000	-8.81	935.782262336	13.879620000	-6.49	13.790783309	0.483920100
1656754903.2097440	1.45500	0.467350	952.155000000	-8.81	940.910973473	14.143060000	-6.46	14.053205128	-0.662874900
1656754904.9700611	1.45600	0.473102	959.170000000	-8.83	947.812330801	14.479240000	-6.47	14.387078556	-0.492588400
1656754906.2074020	1.45600	0.477416	963.900000000	-8.83	952.470829414	14.706920000	-6.49	14.612614113	1.128662000
1656754907.9268200	1.45600	0.483168	970.615000000	-8.84	959.090596979	15.039520000	-6.53	14.941830867	-0.458266000
1656754909.1878221	1.45600	0.487482	975.345000000	-8.84	963.748738396	15.263640000	-6.62	15.161932383	0.375647000
1656754910.9018941	1.45600	0.493234	981.755000000	-8.85	970.066715697	15.597420000	-6.71	15.490454638	1.380642000
1656754912.2686019	1.45600	0.497548	986.790000000	-8.86	975.025868040	15.846560000	-6.73	15.737497695	-0.948322500
1656754914.0089519	1.45600	0.503300	993.045000000	-8.86	981.190283297	16.121940000	-6.59	16.015290084	0.670887900
1656754915.2891951	1.45600	0.507614	997.320000000	-8.87	985.398154662	16.468840000	-6.46	16.364208788	0.537933400
1656754917.0046239	1.45600	0.513366	1003.120000000	-8.87	991.112622897	16.656000000	-6.78	16.539520901	1.449816000
1656754918.2782300	1.45600	0.517680	1007.545000000	-8.88	995.468373885	16.862220000	-6.64	16.749044917	-1.014411000
1656754920.0086141	1.45600	0.523432	1013.340000000	-8.89	1001.177527661	17.120920000	-6.58	17.008278441	0.478317600
1656754921.2825749	1.45600	0.527746	1017.460000000	-8.89	1005.231614037	17.289000000	-6.57	17.175459859	-0.881327500
1656754923.0169489	1.45700	0.533498	1022.955000000	-8.90	1010.644008250	17.623980000	-6.74	17.502252089	1.501111000
1656754924.3932810	1.45700	0.537812	1027.380000000	-8.90	1014.999107872	17.898160000	-6.58	17.780190098	-0.968428900
1656754926.1063640	1.45700	0.543564	1032.415000000	-8.91	1019.956691955	18.107960000	-6.68	17.984883662	0.704588400
1656754929.5053010	1.45700	0.555068	1042.485000000	-8.92	1029.871336419	18.606260000	-6.64	18.481604614	-1.187500000
1656754930.7250521	1.45700	0.559382	1045.995000000	-8.93	1033.321873156	18.770760000	-6.59	18.646813222	-0.910993100
1656754931.9840491	1.45700	0.563696	1049.810000000	-8.93	1037.073584178	18.963880000	-6.80	18.830557108	-0.622083200
1656754933.3224809	1.45700	0.568010	1053.625000000	-8.93	1040.842300159	19.178460000	-6.76	19.045287517	-0.674411500
1656754935.0794411	1.45700	0.573762	1058.355000000	-8.94	1045.497697891	19.385880000	-6.65	19.255296687	0.291104800
1656754936.4009171	1.45700	0.578076	1062.170000000	-8.95	1049.249060877	19.543320000	-6.67	19.411201459	0.845491300
1656754938.1153510	1.45700	0.583828	1066.595000000	-8.95	1053.620232248	19.805580000	-6.57	19.675513001	0.024126780
1656754939.3972969	1.45800	0.588142	1070.105000000	-8.95	1057.070102587	19.960560000	-6.54	19.830668309	1.388714000
1656754941.1196880	1.45800	0.593894	1074.680000000	-8.96	1061.571856868	20.151200000	-6.77	20.010776010	-1.060391000
1656754942.5255949	1.45800	0.598208	1078.040000000	-8.96	1064.890874101	20.461200000	-6.68	20.322378424	-1.059072000
1656754943.7862320	1.45800	0.602522	1081.245000000	-8.96	1068.039145317	20.618600000	-6.63	20.480712050	-0.865506200
1656754945.1565840	1.45800	0.606836	1084.600000000	-8.97	1071.335465748	20.680600000	-6.74	20.537505965	1.620918000
1656754946.8929541	1.45800	0.612588	1088.870000000	-8.97	1075.553244135	20.919000000	-6.71	20.775539838	0.784681700
1656754948.1535931	1.45800	0.616902	1091.925000000	-8.98	1078.553047383	21.119200000	-6.77	20.972030485	-0.634857800
1656754949.8933101	1.45800	0.622654	1096.045000000	-8.98	1082.604679345	21.298000000	-6.70	21.152461743	0.384834400
1656754951.3065541	1.45800	0.626968	1099.400000000	-8.99	1085.900558090	21.467400000	-6.64	21.323316079	0.479678000
1656754953.0219729	1.45800	0.632720	1103.370000000	-8.99	1089.821810787	21.698600000	-6.85	21.543891744	-0.975475600
1656754954.3274930	1.45900	0.637034	1106.265000000	-8.99	1092.663158706	21.846400000	-6.79	21.693082636	0.113078500
1656754956.0887971	1.45900	0.642786	1110.080000000	-8.99	1096.431252201	22.051400000	-6.74	21.898821071	-0.846758200
1656754957.4072881	1.45900	0.648538	1112.980000000	-9.00	1099.277369316	22.263600000	-6.91	22.102072145	1.462547000
1656754959.1223581	1.45900	0.654290	1116.490000000	-9.01	1102.725859252	22.402000000	-6.85	22.241996832	-0.558675000
1656754960.4102859	1.45900	0.658604	1119.085000000	-9.01	1105.288867971	22.547400000	-6.80	22.388883674	0.875775200
1656754962.1213641	1.45900	0.662918	1122.595000000	-9.01	1108.737188186	22.640400000	-6.65	22.488168837	1.204016000
1656754963.5339520	1.45900	0.668670	1125.495000000	-9.02	1111.582921211	22.807200000	-6.65	22.653847295	-0.851001500
1656754964.7473619	1.45900	0.672984	1127.935000000	-9.01	1114.011268852	22.948000000	-6.89	22.782084060	1.002630000
1656754966.1645851	1.45900	0.677298	1130.680000000	-9.02	1116.685264774	23.112400000	-6.87	22.946455495	-0.589533700
1656754967.8989589	1.46000	0.683050	1134.040000000	-9.02	1120.003677136	23.322200000	-6.67	23.164251497	0.922949300
1656754969.1569531	1.46000	0.687364	1136.630000000	-9.03	1122.542944580	23.424800000	-6.64	23.267578490	-0.930811500
1656754970.9003119	1.46000	0.693116	1139.835000000	-9.03	1125.708222759	23.694200000	-6.74	23.530545396	0.844504100
1656754972.1429951	1.46000	0.697430	1142.125000000	-9.03	1127.969841178	23.706200000	-6.82	23.538654174	0.328101800
1656754973.9033120	1.46000	0.703182	1145.175000000	-9.04	1130.963212161	23.868200000	-6.58	23.711166893	-0.279614000
1656754975.2922540	1.46000	0.707496	1147.770000000	-9.04	1133.526007835	24.051800000	-6.74	23.885675472	0.336506300
1656754977.0339651	1.46000	0.713248	1150.670000000	-9.05	1136.352143897	24.054200000	-6.85	23.882396223	1.029700000
1656754978.3132019	1.46000	0.717562	1152.960000000	-9.04	1138.632630479	24.290200000	-6.68	24.125104160	-0.895335600
1656754980.0336189	1.46000	0.723314	1155.860000000	-9.05	1141.477564415	24.495200000	-6.61	24.332569606	0.863413500
1656754981.3006070	1.46100	0.727628	1157.995000000	-9.05	1143.566921860	24.557200000	-6.60	24.394453679	0.801410200
1656754983.0250030	1.46100	0.733380	1160.740000000	-9.05	1146.277720439	24.745600000	-6.56	24.583683403	-0.863983400
1656754984.2992451	1.46100	0.737694	1163.030000000	-9.05	1148.539188106	24.888600000	-6.65	24.720950358	-1.096113000
1656754986.0359650	1.46100	0.743446	1165.775000000	-9.06	1151.230769272	25.007800000	-6.71	24.836299305	1.243690000
1656754987.4142971	1.46100	0.747760	1167.910000000	-9.07	1153.319867716	25.227200000	-6.68	25.055735551	-0.376191300
1656754989.1333599	1.46100	0.753512	1170.660000000	-9.07	1156.035513302	25.160400000	-6.50	24.998764725	0.941695400
1656754990.5050631	1.46100	0.757826	1172.795000000	-9.07	1158.124483248	25.363200000	-6.64	25.193275497	1.369352000
1656754991.7357769	1.46100	0.762140	1174.475000000	-9.07	1159.783468093	25.515800000	-6.78	25.337362356	0.883108000
1656754992.9475579	1.46200	0.766454	1176.150000000	-9.07	1161.437515484	25.501400000	-7.09	25.306293538	0.891142400
1656754995.2091610	1.46200	0.773644	1179.660000000	-9.08	1164.884124195	25.794600000	-6.79	25.613574290	0.751020700
1656754996.6463370	1.46200	0.779396	1181.645000000	-9.08	1166.844261002	25.899600000	-6.77	25.719118184	0.416764700
1656754997.9059720	1.46200	0.783710	1183.475000000	-9.08	1168.631778813	25.913800000	-6.68	25.737668862	0.739608500
1656754999.2996221	1.46200	0.788024	1185.460000000	-9.08	1170.591882812	26.052200000	-6.73	25.872898437	-1.136369000
1656755001.0350020	1.46200	0.793776	1187.900000000	-9.08	1173.001280172	26.264400000	-6.67	26.086525586	0.438353900
1656755002.3065979	1.46200	0.798090	1189.580000000	-9.09	1174.640535261	26.307200000	-6.66	26.129675306	0.349320000
1656755004.0419750	1.46200	0.803842	1192.020000000	-9.09	1177.049892266	26.469400000	-6.85	26.280345994	-0.252544300
1656755005.3062479	1.46200	0.808156	1193.545000000	-9.10	1178.535987653	26.395400000	-7.17	26.188992978	-0.976669200
1656755007.0346429	1.46300	0.813908	1195.685000000	-9.10	1180.649076823	26.743600000	-6.79	26.556245304	-0.798305500
1656755008.3022649	1.46300	0.818222	1197.515000000	-9.10	1182.456064291	26.734000000	-6.65	26.554243992	-1.124420000
1656755010.0336499	1.46300	0.823974	1199.650000000	-9.10	1184.544349570	26.850800000	-6.77	26.663689730	1.584497000
1656755011.4030001	1.46300	0.828288	1201.330000000	-9.10	1186.223090078	27.032000000	-6.72	26.846286464	0.427353200
1656755013.1357279	1.46300	0.834040	1203.620000000	-9.10	1188.464360463	27.077400000	-6.71	26.891706219	-0.144430600
1656755014.5110681	1.46300	0.838354	1204.990000000	-9.10	1189.817109814	27.051200000	-6.53	26.875489055	1.468602000
1656755015.7358050	1.46300	0.842668	1206.365000000	-9.10	1191.174796206	27.156000000	-6.61	26.975376521	-0.910415600
1656755016.9565499	1.46300	0.846982	1208.045000000	-9.11	1192.813623252	27.365800000	-6.72	27.177793212	1.323414000
1656755019.2185290	1.46400	0.854172	1210.635000000	-9.11	1195.350892891	27.613800000	-6.62	27.429465008	1.073782000
1656755020.6314001	1.46400	0.858486	1212.315000000	-9.11	1197.009683112	27.642400000	-6.76	27.450114440	0.660092300
1656755021.8505161	1.46400	0.862800	1213.690000000	-9.11	1198.367323919	27.725800000	-6.74	27.534299345	0.376965000
1656755023.2434390	1.46400	0.867114	1215.215000000	-9.12	1199.852906989	27.864200000	-6.76	27.670371559	0.045551590
1656755024.9572401	1.46400	0.872866	1217.200000000	-9.12	1201.812813689	27.787800000	-6.67	27.599608431	-0.811119300
1656755026.3092670	1.46400	0.877180	1218.420000000	-9.12	1203.017391107	27.952400000	-6.87	27.751704824	1.162197000
1656755028.0566089	1.46400	0.882932	1220.405000000	-9.12	1204.977297807	28.164600000	-6.53	27.981656970	-0.718910100
1656755029.3195970	1.46400	0.887246	1221.775000000	-9.13	1206.309692921	28.221800000	-6.66	28.031355316	0.459612700
1656755031.0556149	1.46500	0.892998	1223.605000000	-9.13	1208.116528662	28.312400000	-6.65	28.121687637	-1.031261000
1656755032.4213331	1.46500	0.898750	1224.980000000	-9.13	1209.474123823	28.412400000	-6.72	28.217202927	0.449312700
1656755034.1603391	1.46500	0.904502	1226.660000000	-9.13	1211.132858274	28.803400000	-7.26	28.572480512	1.120586000
1656755035.5430081	1.46500	0.908816	1228.185000000	-9.13	1212.618148913	28.593600000	-6.68	28.399254774	1.404703000
1656755036.7564199	1.46500	0.913130	1229.255000000	-9.13	1213.674587006	28.667600000	-6.77	28.467475380	1.529744000
1656755037.9661951	1.46500	0.916006	1230.320000000	-9.13	1214.726088473	28.708200000	-6.77	28.507791957	1.433336000
1656755039.7324879	1.46500	0.923196	1232.150000000	-9.14	1216.512408779	28.872600000	-6.70	28.675653998	1.004731000
1656755040.9406259	1.46500	0.926072	1233.375000000	-9.14	1217.721861931	28.925000000	-6.73	28.725571769	1.177524000
1656755043.1593521	1.46600	0.933262	1235.355000000	-9.14	1219.676733147	29.046600000	-6.73	28.846333377	0.896499800
1656755044.5326910	1.46600	0.939014	1236.575000000	-9.14	1220.860677769	29.208800000	-6.76	29.005618277	-1.256472000
1656755045.7654059	1.46600	0.941890	1237.800000000	-9.14	1222.070110541	29.073000000	-6.52	28.885194369	-0.296382600
1656755046.9715450	1.46600	0.946204	1238.865000000	-9.14	1223.121576584	29.230200000	-6.66	29.032950490	-0.590894800
1656755048.7378380	1.46600	0.951956	1240.390000000	-9.14	1224.627196974	29.347000000	-6.67	29.148605725	1.001929000
1656755049.9443679	1.46600	0.956270	1241.460000000	-9.14	1225.683599477	29.390000000	-6.63	29.193452861	1.075554000
1656755052.1626639	1.46600	0.963460	1243.445000000	-9.14	1227.643374214	29.576000000	-6.78	29.369168478	-0.292881000
1656755053.4791989	1.46600	0.967774	1244.510000000	-9.15	1228.674122787	29.640400000	-6.73	29.436039324	-1.010246000
1656755055.2431440	1.46700	0.973526	1245.885000000	-9.15	1230.031626478	29.731000000	-6.62	29.532531711	0.897032500
1656755056.5376911	1.46700	0.977840	1247.105000000	-9.16	1231.215328310	29.807200000	-6.73	29.601689294	1.040204000
1656755057.7757471	1.46700	0.982154	1248.020000000	-9.15	1232.139459483	29.952600000	-6.34	29.769643863	-0.073027430
1656755059.1297841	1.46700	0.986468	1249.090000000	-9.16	1233.175036937	29.919200000	-6.56	29.723073261	1.040781000
1656755060.8675051	1.46700	0.992220	1250.620000000	-9.16	1234.664696568	30.045600000	-6.67	29.842482985	0.912113300
1656755062.2783909	1.46700	0.997972	1251.690000000	-9.16	1235.741909697	30.143400000	-6.61	29.942906342	-0.275905800
1656755064.0400500	1.46700	1.003724	1253.060000000	-9.16	1237.094454190	30.260200000	-6.65	30.056734273	-0.640996200
1656755065.3375950	1.46700	1.008038	1254.130000000	-9.16	1238.129916287	30.327000000	-6.64	30.123452618	-1.024711000
1656755067.0646291	1.46800	1.013790	1255.350000000	-9.16	1239.334351630	30.374600000	-6.63	30.171468298	0.998798000
1656755068.4702470	1.46800	1.018104	1256.420000000	-9.16	1240.390700662	30.451000000	-6.70	30.243287403	1.511411000
1656755069.7508299	1.46800	1.022418	1257.485000000	-9.16	1241.442113482	30.489200000	-6.62	30.286038509	-0.571778600
1656755070.9632390	1.46800	1.026732	1258.250000000	-9.16	1242.197353678	30.448600000	-6.65	30.243498191	0.982276400
1656755073.1773369	1.46800	1.033922	1259.775000000	-9.17	1243.681885353	30.603600000	-6.61	30.400414252	-0.194284800
1656755074.5460410	1.46800	1.038236	1260.845000000	-9.17	1244.738216537	30.765600000	-6.59	30.562079290	-0.794350300
1656755075.7598150	1.46800	1.042550	1261.760000000	-9.17	1245.641527784	30.884800000	-6.64	30.677882723	0.664953700
1656755077.0394061	1.46900	1.046864	1262.675000000	-9.17	1246.544839030	30.935000000	-6.61	30.729613996	0.249904000
1656755078.7707829	1.46900	1.052616	1263.740000000	-9.17	1247.596234087	31.030400000	-6.69	30.819113923	0.546955700
1656755080.1198370	1.46900	1.056930	1264.660000000	-9.17	1248.504481460	31.044600000	-6.50	30.844795408	-1.151075000
1656755081.8565500	1.46900	1.062682	1265.880000000	-9.17	1249.687768417	31.159000000	-6.66	30.948734676	0.486310200
1656755083.2847550	1.46900	1.066996	1266.795000000	-9.17	1250.591064392	31.271200000	-6.62	31.062450158	1.434943000
1656755084.9948380	1.46900	1.074186	1268.015000000	-9.18	1251.774281626	31.283000000	-6.65	31.072657096	-0.057906330
1656755086.3485751	1.46900	1.078500	1268.930000000	-9.18	1252.677562318	31.371200000	-6.69	31.157593414	-1.053757000
1656755088.0746291	1.46900	1.084252	1270.000000000	-9.18	1253.733857773	31.500000000	-6.68	31.285900530	-0.328273500
1656755089.4439781	1.47000	1.088566	1270.760000000	-9.18	1254.484123704	31.497600000	-6.74	31.279660546	-0.825746700
1656755090.6786840	1.47000	1.092880	1271.525000000	-9.18	1255.239325595	31.597800000	-6.70	31.381878846	-0.798552700
1656755091.8938110	1.47000	1.095756	1272.285000000	-9.18	1255.989591525	31.690800000	-6.63	31.478866142	-0.692745900
1656755094.1507759	1.47000	1.104384	1273.660000000	-9.18	1257.346980545	31.788400000	-6.67	31.573501149	1.070405000
1656755095.4798870	1.47000	1.108698	1274.575000000	-9.18	1258.250261237	31.857600000	-6.69	31.640681515	-1.071557000
1656755096.6946540	1.47000	1.113012	1275.185000000	-9.19	1258.831137415	31.848200000	-6.64	31.634442697	-0.830443700
1656755097.9526579	1.47000	1.117326	1275.950000000	-9.19	1259.586326521	31.931600000	-6.55	31.723426727	0.116086100
1656755100.1846919	1.47000	1.124516	1277.325000000	-9.19	1260.943692561	32.100800000	-6.76	31.877896636	0.786123800
1656755101.5520580	1.47100	1.128830	1278.085000000	-9.19	1261.693945790	32.170000000	-6.57	31.958733510	1.211309000
1656755102.7777910	1.47100	1.133144	1278.850000000	-9.19	1262.449134896	32.184200000	-6.67	31.966625426	0.645796100
1656755104.2754450	1.47100	1.137458	1279.610000000	-9.19	1263.199388126	32.220000000	-6.73	31.998249194	0.696800400
1656755105.9922230	1.47100	1.143210	1280.525000000	-9.19	1264.102653527	32.298800000	-6.64	32.082018380	-1.185606000
1656755107.3555989	1.47100	1.147524	1281.445000000	-9.19	1264.989425364	32.406000000	-6.61	32.190847621	1.385252000
1656755109.0776441	1.47100	1.153276	1282.360000000	-9.19	1265.892675463	32.484600000	-6.60	32.269316941	1.137725000
1656755110.4509809	1.47100	1.157590	1283.120000000	-9.19	1266.642915984	32.537200000	-6.73	32.312866854	1.361605000
1656755111.6799760	1.47200	1.161904	1283.730000000	-9.19	1267.245082717	32.530000000	-6.61	32.314024351	0.609704700
1656755112.8934729	1.47200	1.166218	1284.340000000	-9.19	1267.847249450	32.589600000	-6.69	32.367697325	0.021531060
1656755115.1544449	1.47200	1.173408	1285.565000000	-9.20	1269.035006453	32.706400000	-6.65	32.486486336	-0.655457900
1656755116.4819059	1.47200	1.179160	1286.175000000	-9.20	1269.637162979	32.773200000	-6.57	32.557972181	0.911742500
1656755117.6976669	1.47200	1.182036	1286.785000000	-9.20	1270.239319505	32.825600000	-6.69	32.602090401	0.923731200
1656755118.9483380	1.47200	1.186350	1287.395000000	-9.20	1270.841476030	32.706400000	-6.57	32.491610869	1.042306000
1656755121.1813819	1.47200	1.193540	1288.615000000	-9.20	1272.045789082	32.983000000	-6.54	32.768365859	-0.621259400
1656755122.5527260	1.47200	1.199292	1289.225000000	-9.20	1272.647945607	33.035400000	-6.62	32.814873300	-1.098296000
1656755123.7758269	1.47300	1.202168	1289.835000000	-9.20	1273.250102133	33.095000000	-6.64	32.873275162	-0.779352600
1656755125.1318510	1.47300	1.207920	1290.445000000	-9.20	1273.830650773	33.126000000	-6.66	32.902461083	-0.103063900
1656755126.8941531	1.47300	1.213672	1291.360000000	-9.20	1274.733870240	33.262000000	-6.63	33.039558661	1.114982000
1656755128.2784629	1.47300	1.217986	1291.970000000	-9.20	1275.336016551	33.276200000	-6.65	33.052455074	0.717648900
1656755129.9942520	1.47300	1.223738	1292.735000000	-9.20	1276.091167254	33.426400000	-6.62	33.203263193	-0.891421400
1656755131.3562579	1.47300	1.228052	1293.345000000	-9.20	1276.693313565	33.397800000	-6.65	33.172832376	0.823080200
1656755133.0816600	1.47300	1.233804	1294.260000000	-9.20	1277.596533032	33.509800000	-6.60	33.287722701	-1.120997000
1656755134.3566129	1.47300	1.238118	1294.870000000	-9.20	1278.198679344	33.505200000	-6.59	33.283959006	-0.521675900
1656755136.0806680	1.47400	1.243870	1295.480000000	-9.20	1278.800825655	33.669600000	-6.73	33.437872472	0.904408800
1656755137.3516350	1.47400	1.248184	1296.090000000	-9.21	1279.381255528	33.672000000	-6.73	33.439842787	-1.014904000
1656755139.0836630	1.47400	1.253936	1296.855000000	-9.20	1280.158122669	33.760200000	-6.75	33.526189720	-0.096306800
1656755140.3576219	1.47400	1.258250	1297.465000000	-9.20	1280.760268981	33.724400000	-6.70	33.494358862	0.514944400
1656755142.0850241	1.47400	1.264002	1298.075000000	-9.21	1281.340665594	33.884200000	-6.65	33.655955985	0.700468200
1656755143.3715880	1.47400	1.268316	1298.685000000	-9.21	1281.942801685	33.939000000	-6.61	33.713669611	0.998798700
1656755145.0830250	1.47400	1.274068	1299.450000000	-9.21	1282.697939569	33.970000000	-6.67	33.740352897	0.785546100
1656755146.3735840	1.47500	1.278382	1299.905000000	-9.21	1283.147073866	34.013000000	-6.67	33.783062204	0.208662700
1656755148.0866640	1.47500	1.284134	1300.670000000	-9.21	1283.902211750	34.137000000	-6.65	33.907053124	-0.865174200
1656755149.3612640	1.47500	1.288448	1301.125000000	-9.21	1284.351346048	34.137000000	-6.65	33.907467164	-1.115067000
1656755151.0880179	1.47500	1.294200	1301.735000000	-9.21	1284.953482138	34.225200000	-6.64	33.995488856	-0.394114200
1656755152.4603610	1.47500	1.298514	1302.345000000	-9.22	1285.533782888	34.253800000	-6.73	34.018051776	-0.456246900
1656755153.6967139	1.47500	1.302828	1302.805000000	-9.22	1285.987845014	34.380200000	-6.61	34.151525994	-0.544872100
1656755154.9088500	1.47500	1.307142	1303.265000000	-9.21	1286.463757907	34.368200000	-6.62	34.138776239	-0.503834900
1656755157.1637840	1.47500	1.314332	1304.180000000	-9.22	1287.345095936	34.528000000	-6.59	34.300005270	-0.261484600
1656755158.5038960	1.47500	1.318646	1304.635000000	-9.22	1287.794222604	34.518400000	-6.57	34.291711122	0.553836900
1656755159.7688920	1.47600	1.322960	1305.095000000	-9.22	1288.248284731	34.561400000	-6.59	34.332769300	-0.517102100
1656755160.9866321	1.47600	1.327274	1305.705000000	-9.22	1288.850410594	34.587600000	-6.70	34.351670796	-0.998259400
1656755162.7598960	1.47600	1.333026	1306.160000000	-9.22	1289.299537263	34.685200000	-6.73	34.446482711	-0.951741800
1656755163.9745491	1.47600	1.337340	1306.770000000	-9.22	1289.901663126	34.706800000	-6.73	34.467934051	0.880635700
1656755166.1997380	1.47600	1.344530	1307.535000000	-9.22	1290.656788184	34.799800000	-6.71	34.561572733	-0.614174000
1656755167.6668179	1.47600	1.348844	1307.995000000	-9.22	1291.110850311	34.902200000	-6.62	34.669211540	0.668908700
1656755168.8752520	1.47600	1.353158	1308.450000000	-9.22	1291.538025117	34.899800000	-6.68	34.662592740	-1.043703000
1656755170.2888579	1.47700	1.357472	1308.910000000	-9.22	1291.992079526	34.940400000	-6.68	34.703342477	0.731944400
1656755171.9959331	1.47700	1.363224	1309.520000000	-9.22	1292.594195155	35.100200000	-6.65	34.864190730	-0.727644300
1656755173.3666339	1.47700	1.367538	1309.975000000	-9.22	1293.043314191	35.112000000	-6.65	34.875911389	0.380385000
1656755175.0976660	1.47700	1.373290	1310.585000000	-9.22	1293.645429820	35.043000000	-6.66	34.806524896	-0.625298400
1656755176.4031839	1.47700	1.379042	1310.890000000	-9.22	1293.946487635	35.140600000	-6.66	34.903466278	0.628039500
1656755178.1654871	1.47700	1.384794	1311.655000000	-9.22	1294.701599858	35.257400000	-6.64	35.021187844	0.328761100
1656755179.5681131	1.47700	1.389108	1312.115000000	-9.22	1295.155654268	35.333800000	-6.62	35.097930409	1.065666000
1656755180.7874990	1.47700	1.393422	1312.570000000	-9.22	1295.604773303	35.379000000	-6.72	35.135941432	-0.993356000
1656755182.1761520	1.47700	1.397736	1313.030000000	-9.23	1296.036784798	35.379000000	-6.68	35.138966740	1.021210000
1656755183.8973980	1.47800	1.403488	1313.485000000	-9.23	1296.485896194	35.491200000	-6.70	35.248673595	1.149591000
1656755185.2000971	1.47800	1.407802	1313.945000000	-9.23	1296.939942881	35.496000000	-6.74	35.250830979	-0.282703900
1656755186.9165170	1.47800	1.413554	1314.400000000	-9.23	1297.389054278	35.548400000	-6.68	35.306784330	-0.606798100
1656755188.3187790	1.47800	1.417868	1314.860000000	-9.23	1297.843100964	35.608000000	-6.73	35.362494712	1.239736000
1656755190.0800760	1.47800	1.423620	1315.470000000	-9.22	1298.467290229	35.650800000	-6.69	35.408053606	0.821965600
1656755191.4780049	1.47800	1.427934	1315.775000000	-9.23	1298.746259048	35.739000000	-6.71	35.494343299	1.138918000
1656755192.7037351	1.47800	1.432248	1316.235000000	-9.23	1299.200305734	35.820200000	-6.57	35.584961954	0.151229900
1656755193.9145100	1.47800	1.436562	1316.690000000	-9.23	1299.627298521	35.827400000	-6.53	35.594683288	-0.997639500
1656755196.1804659	1.47900	1.443752	1317.300000000	-9.23	1300.251522520	35.932200000	-6.68	35.688413486	-1.216381000
1656755197.5003090	1.47900	1.448066	1317.605000000	-9.23	1300.530441234	35.951200000	-6.67	35.707722188	0.799389700
1656755198.7170589	1.47900	1.452380	1318.065000000	-9.23	1300.984480193	35.946600000	-6.61	35.707940600	-0.520727900
1656755199.9733591	1.47900	1.456694	1318.370000000	-9.23	1301.307674595	36.061000000	-6.57	35.824180575	-0.134047300
1656755204.2333620	1.47900	1.471074	1319.590000000	-9.23	1302.489718047	36.173000000	-6.63	35.931091199	-0.706383900
1656755205.4866619	1.47900	1.475388	1319.895000000	-9.23	1302.790765618	36.282600000	-6.62	36.040834814	-0.803125700
1656755206.6944439	1.47900	1.482578	1320.355000000	-9.23	1303.244804577	36.297000000	-6.61	36.055576727	0.173807400
1656755208.6931150	1.48000	1.485454	1320.660000000	-9.23	1303.545852148	36.301800000	-6.61	36.060782329	1.269648000
1656755209.9058819	1.48000	1.489768	1321.115000000	-9.23	1303.994955901	36.392400000	-6.59	36.152094294	0.589763000
1656755211.6256480	1.48000	1.495520	1321.575000000	-9.23	1304.448994861	36.406600000	-6.69	36.158707362	0.676530900
1656755212.8783050	1.48000	1.499834	1321.880000000	-9.23	1304.750042431	36.435200000	-6.66	36.189330135	0.992783000
1656755214.6183190	1.48000	1.505586	1322.335000000	-9.23	1305.199146185	36.602200000	-6.56	36.362702729	-0.241049100
1656755215.8241100	1.48000	1.509900	1322.640000000	-9.23	1305.500193756	36.616400000	-6.58	36.375494231	1.412981000
1656755217.5864069	1.48000	1.515652	1323.100000000	-9.24	1305.931992104	36.683200000	-6.70	36.432976273	-0.193048700
1656755218.7971821	1.48000	1.519966	1323.405000000	-9.24	1306.233034548	36.659400000	-6.72	36.407544909	-0.664811000
1656755220.5146029	1.48000	1.525718	1323.860000000	-9.24	1306.682130653	36.731000000	-6.57	36.489780558	-0.686854400
1656755221.7855711	1.48100	1.530032	1324.165000000	-9.24	1306.983173097	36.764200000	-6.70	36.513423755	0.308902400
1656755223.5245800	1.48100	1.535784	1324.625000000	-9.24	1307.437204324	36.845400000	-6.55	36.604751879	-0.566873700
1656755224.7313631	1.48100	1.540098	1324.930000000	-9.24	1307.738246768	36.874000000	-6.67	36.624272569	0.449353600
1656755225.9933610	1.48100	1.544412	1325.235000000	-9.24	1308.039289212	36.959800000	-6.67	36.709491492	0.496321900
1656755227.4251831	1.48100	1.548726	1325.695000000	-9.24	1308.493320439	36.969400000	-6.67	36.719476079	0.576291200
1656755229.1396129	1.48100	1.554478	1326.000000000	-9.24	1308.794362883	37.074200000	-6.70	36.820856285	0.997849800
1656755230.5023561	1.48100	1.558792	1326.455000000	-9.24	1309.243458988	37.083800000	-6.65	36.834453257	-0.999617700
1656755231.7260749	1.48100	1.563106	1326.610000000	-9.24	1309.396447771	37.150600000	-6.64	36.901704071	-0.866329800
1656755232.9354930	1.48100	1.567420	1326.915000000	-9.25	1309.675171114	37.188600000	-6.63	36.939899322	-0.844409300
1656755235.1924770	1.48200	1.574610	1327.370000000	-9.24	1310.146586320	37.327000000	-6.73	37.069642780	1.217242000
1656755236.5362549	1.48200	1.578924	1327.675000000	-9.24	1310.447628764	37.307800000	-6.61	37.059653564	-1.017128000
1656755237.7995310	1.48200	1.583238	1327.980000000	-9.25	1310.726334193	37.331800000	-6.62	37.082592827	-0.126466300
1656755239.2450321	1.48200	1.587552	1328.285000000	-9.25	1311.027371507	37.446200000	-6.94	37.171682294	1.234462000
1656755240.9943850	1.48200	1.593304	1328.745000000	-9.24	1311.503744879	37.455800000	-6.74	37.197094743	0.873138100
1656755242.3075140	1.48200	1.597618	1328.895000000	-9.25	1311.629446134	37.546400000	-6.74	37.287068973	1.005101000
1656755244.0379031	1.48200	1.603370	1329.355000000	-9.25	1312.083469624	37.575000000	-6.70	37.318234107	1.294904000
1656755245.3025320	1.48200	1.607684	1329.660000000	-9.25	1312.384506938	37.632200000	-6.59	37.383707666	0.024250370
1656755247.0203121	1.48200	1.613436	1329.965000000	-9.25	1312.685544252	37.651200000	-6.67	37.396209018	-0.628429400
1656755248.2975471	1.48300	1.617750	1330.270000000	-9.25	1312.986581565	37.737000000	-6.61	37.485998814	0.076410450
1656755250.0239451	1.48300	1.623502	1330.730000000	-9.25	1313.440605055	37.760800000	-6.62	37.509184988	-0.912105500
1656755251.4092541	1.48300	1.627816	1331.035000000	-9.25	1313.741642369	37.865800000	-6.65	37.611195189	-1.088738000
1656755253.1300280	1.48300	1.633568	1331.340000000	-9.25	1314.020271742	37.899200000	-6.68	37.642068128	-0.899373500
1656755254.4960279	1.48300	1.639320	1331.645000000	-9.25	1314.343716996	37.923000000	-6.67	37.666168266	-0.940906200
1656755255.7317340	1.48300	1.642196	1331.950000000	-9.25	1314.644754310	38.023200000	-6.65	37.767075676	-0.723482700
1656755256.9448521	1.48300	1.646510	1332.100000000	-9.25	1314.792805448	38.099400000	-6.64	37.843686176	1.077943000
1656755259.2024810	1.48300	1.655138	1332.560000000	-9.25	1315.246828937	38.166200000	-6.63	37.910961571	1.344550000
1656755260.5997560	1.48300	1.659452	1332.865000000	-9.25	1315.525432643	38.223400000	-6.67	37.964998673	1.113088000
1656755261.8078811	1.48400	1.663766	1333.015000000	-9.25	1315.695917389	38.223400000	-6.77	37.957039568	0.233588800
1656755263.2350869	1.48400	1.668080	1333.325000000	-9.25	1315.979448390	38.218600000	-6.68	37.959301118	-0.318055200
1656755264.9451730	1.48400	1.673832	1333.630000000	-9.25	1316.302927055	38.290200000	-6.76	38.023846408	0.495291800
1656755266.2949181	1.48400	1.678146	1333.935000000	-9.25	1316.603964368	38.371200000	-6.76	38.104282957	0.122018900
1656755268.0259600	1.48400	1.683898	1334.240000000	-9.25	1316.882544931	38.399800000	-6.73	38.135517362	0.573242600
1656755269.3035550	1.48400	1.688212	1334.390000000	-9.25	1317.030593544	38.457000000	-6.75	38.190433649	0.247679100
1656755271.0339401	1.48400	1.693964	1334.850000000	-9.25	1317.484609292	38.528600000	-6.73	38.262958149	-0.214761800
1656755272.4162591	1.48400	1.698278	1335.000000000	-9.25	1317.632657905	38.566800000	-6.73	38.300894773	0.852084600
1656755274.1356759	1.48400	1.704030	1335.305000000	-9.25	1317.933690085	38.571600000	-6.73	38.306134966	0.197415000
1656755275.5013969	1.48500	1.708344	1335.610000000	-9.25	1318.234722265	38.666800000	-6.71	38.401627411	0.561129100
1656755276.7400920	1.48500	1.712658	1335.915000000	-9.25	1318.535754446	38.686000000	-6.79	38.414981746	-1.182637000
1656755278.0033700	1.48500	1.716972	1336.070000000	-9.25	1318.688738013	38.776600000	-6.79	38.504947039	0.190122600
1656755280.2234490	1.48500	1.724162	1336.525000000	-9.25	1319.137818806	38.795600000	-6.69	38.531440655	1.029781000
1656755281.6077621	1.48500	1.729914	1336.680000000	-9.25	1319.290802373	38.886200000	-6.67	38.622845039	0.502913500
1656755282.8178849	1.48500	1.732790	1336.830000000	-9.25	1319.438850986	38.910000000	-6.65	38.647902190	-0.382577700
1656755284.2477219	1.48500	1.738542	1337.135000000	-9.26	1319.717363217	38.910000000	-6.68	38.645536179	1.346857000
1656755286.0113850	1.48500	1.744294	1337.440000000	-9.25	1320.040915347	38.967200000	-6.70	38.700920614	-1.037152000
1656755287.3105559	1.48600	1.748608	1337.595000000	-9.26	1320.171371217	39.024600000	-6.81	38.749274719	-1.134966000
1656755289.0359581	1.48600	1.754360	1337.900000000	-9.25	1320.494931094	39.120000000	-6.66	38.856012726	1.125652000
1656755290.3109021	1.48600	1.758674	1338.205000000	-9.25	1320.795963275	39.110400000	-6.64	38.848374102	0.773351300
1656755292.0329700	1.48600	1.764426	1338.510000000	-9.25	1321.096995455	39.220200000	-6.65	38.956488376	-1.020179000
1656755293.3115611	1.48600	1.768740	1338.665000000	-9.26	1321.227433304	39.253600000	-6.74	38.981994921	0.361020600
1656755295.0369589	1.48600	1.774492	1338.970000000	-9.25	1321.551011202	39.296400000	-6.75	39.024015312	1.291690000
1656755296.4033189	1.48600	1.778806	1339.120000000	-9.26	1321.676506434	39.339400000	-6.76	39.066232833	-0.292386600
1656755298.1436810	1.48600	1.784558	1339.425000000	-9.25	1322.000091996	39.363200000	-6.76	39.089382425	-0.419412500
1656755299.5113959	1.48600	1.788872	1339.580000000	-9.26	1322.130514434	39.458600000	-6.75	39.185091016	1.225027000
1656755300.7517300	1.48600	1.793186	1339.730000000	-9.25	1322.301124176	39.530000000	-6.73	39.257453830	0.017163660
1656755302.2291510	1.48700	1.797500	1340.035000000	-9.26	1322.579587565	39.482400000	-6.74	39.209697122	-1.207729000
1656755303.9375911	1.48700	1.803252	1340.340000000	-9.26	1322.880614608	39.554000000	-6.73	39.281773700	-1.078477000
1656755305.2590880	1.48700	1.807566	1340.495000000	-9.26	1323.033595565	39.620600000	-6.71	39.349371222	1.232897000
1656755307.0130401	1.48700	1.813318	1340.950000000	-9.26	1323.482668695	39.692200000	-6.71	39.420481073	0.487545900
1656755308.3175609	1.48700	1.817632	1341.105000000	-9.26	1323.635649652	39.754200000	-6.69	39.483513545	-0.227823100
1656755310.0363441	1.48700	1.823384	1341.255000000	-9.26	1323.783695739	39.806600000	-6.68	39.536042160	-0.182171400
1656755311.3139200	1.48700	1.827698	1341.410000000	-9.26	1323.936676695	39.840000000	-6.68	39.569215147	-0.170510600
1656755313.0473061	1.48700	1.833450	1341.715000000	-9.26	1324.237703739	39.906800000	-6.76	39.629692888	-0.788870400
1656755314.4322619	1.48700	1.839202	1342.020000000	-9.26	1324.538730782	39.930600000	-6.69	39.658712437	-1.166733000
1656755316.1377180	1.48800	1.844954	1342.175000000	-9.26	1324.691711739	39.997400000	-6.70	39.724080821	1.144524000
1656755317.5154021	1.48800	1.849268	1342.325000000	-9.26	1324.839757826	39.973600000	-6.80	39.692075510	0.865927600
1656755318.7481141	1.48800	1.853582	1342.480000000	-9.26	1324.992738782	40.026000000	-6.82	39.743112433	-1.022733000
1656755319.9549091	1.48800	1.857896	1342.785000000	-9.26	1325.293765826	40.054600000	-6.81	39.772007891	-0.685206200
1656755322.2178559	1.48800	1.865086	1343.090000000	-9.26	1325.594792869	40.183400000	-6.76	39.903876964	-1.079468000
1656755323.5483179	1.48800	1.869400	1343.090000000	-9.26	1325.594792869	40.173800000	-6.79	39.891861507	1.092239000
1656755324.7541001	1.48800	1.873714	1343.395000000	-9.26	1325.873179992	40.231000000	-6.78	39.949655702	1.235988000
1656755326.0155489	1.48800	1.876590	1343.545000000	-9.26	1326.021223551	40.264400000	-6.79	39.981825679	0.073155630
1656755328.2534230	1.48800	1.885218	1343.850000000	-9.26	1326.344893043	40.283600000	-6.77	40.002883028	-1.041850000
1656755329.6231179	1.48800	1.889532	1344.005000000	-9.26	1326.475223799	40.374200000	-6.76	40.093847330	0.368972800
1656755330.8319049	1.48900	1.893846	1344.155000000	-9.26	1326.645920087	40.393200000	-6.75	40.113212795	-0.996197900
1656755332.2132161	1.48900	1.898160	1344.310000000	-9.26	1326.776245702	40.474200000	-6.79	40.190654350	0.456481500
1656755333.9535849	1.48900	1.903912	1344.615000000	-9.26	1327.077267606	40.507600000	-6.74	40.227816119	-1.097557000
1656755335.2451401	1.48900	1.908226	1344.765000000	-9.26	1327.225311165	40.569600000	-6.74	40.288889201	1.178802000
1656755336.9635689	1.48900	1.913978	1344.920000000	-9.26	1327.378289509	40.641200000	-6.77	40.357991086	1.472970000
1656755338.3505099	1.48900	1.918292	1345.070000000	-9.26	1327.549001217	40.636400000	-6.75	40.354727044	0.499123100
1656755340.0649359	1.48900	1.924044	1345.530000000	-9.26	1327.980333316	40.717400000	-6.71	40.438662912	0.975931300
1656755341.4223189	1.48900	1.928358	1345.680000000	-9.26	1328.128376875	40.760400000	-6.69	40.482862326	0.900164700
1656755343.1568489	1.48900	1.934110	1345.680000000	-9.26	1328.151055304	40.803200000	-6.68	40.525868461	0.732481100
1656755344.4715459	1.49000	1.938424	1345.985000000	-9.26	1328.429398778	40.917600000	-6.79	40.630948071	0.413798300
1656755346.2275159	1.49000	1.945614	1346.140000000	-9.26	1328.582377123	40.917600000	-6.80	40.629427144	-0.426581500
1656755347.5403640	1.49000	1.948490	1346.445000000	-9.26	1328.883399026	40.970200000	-6.80	40.681656695	0.418124200
1656755348.7591259	1.49000	1.952804	1346.445000000	-9.26	1328.883399026	40.960600000	-6.80	40.672124306	0.991546600
1656755349.9725289	1.49000	1.957118	1346.600000000	-9.26	1329.036377370	41.013000000	-6.81	40.723646214	-0.279448900
1656755352.2378449	1.49000	1.964308	1346.905000000	-9.26	1329.337399274	41.089400000	-6.80	40.800526750	-0.749728700
1656755353.5300450	1.49000	1.968622	1347.055000000	-9.26	1329.485442833	41.094200000	-6.78	40.806819153	1.085112000
1656755354.7527890	1.49000	1.972936	1347.210000000	-9.26	1329.638421177	41.165600000	-6.76	40.879244602	0.591946800
1656755355.9685450	1.49000	1.977250	1347.360000000	-9.26	1329.786464736	41.222800000	-6.77	40.935029235	-1.054953000
1656755358.2288761	1.49100	1.984440	1347.665000000	-9.26	1330.087486640	41.199000000	-6.77	40.911395379	-0.850135600
1656755359.6337769	1.49100	1.988754	1347.665000000	-9.26	1330.087486640	41.289600000	-6.76	41.002382036	-0.416445500
1656755360.8495350	1.49100	1.993068	1347.820000000	-9.26	1330.240464984	41.299200000	-6.76	41.011915257	0.664789300
1656755362.3246069	1.49100	1.998820	1348.125000000	-9.26	1330.541486887	41.399400000	-6.83	41.105775850	-0.807040400
1656755364.0579829	1.49100	2.004572	1348.275000000	-9.26	1330.689530446	41.413600000	-6.75	41.126539849	-1.084205000
1656755365.3774691	1.49100	2.008886	1348.430000000	-9.27	1330.819769422	41.513800000	-6.73	41.228085580	0.830701000
1656755367.1407671	1.49100	2.014638	1348.580000000	-9.26	1330.990552350	41.523200000	-6.73	41.237420885	-0.931676000
1656755368.3734810	1.49100	2.018952	1348.735000000	-9.26	1331.143530694	41.528000000	-6.73	41.242187850	0.802438600
1656755370.0849180	1.49100	2.024704	1348.885000000	-9.26	1331.291574253	41.633000000	-6.73	41.345954346	-1.057136000
1656755371.3425691	1.49100	2.029018	1349.040000000	-9.26	1331.444552598	41.695000000	-6.70	41.410589744	-0.853433200
1656755373.0593331	1.49100	2.034770	1349.190000000	-9.27	1331.569843972	41.704400000	-6.84	41.407573294	-1.084780000
1656755374.3435650	1.49200	2.039084	1349.345000000	-9.27	1331.722819702	41.752200000	-6.70	41.466889529	-0.832050000
1656755376.0709641	1.49200	2.044836	1349.495000000	-9.26	1331.893618060	41.819000000	-6.73	41.531185073	1.114775000
1656755377.4436810	1.49200	2.052026	1349.650000000	-9.27	1332.023836462	41.838000000	-6.80	41.543344987	-0.708855600
1656755379.4499559	1.49200	2.054902	1349.955000000	-9.27	1332.324853222	41.876200000	-6.79	41.582832513	-0.724141700
1656755380.6627240	1.49200	2.059216	1349.955000000	-9.26	1332.347618308	41.914200000	-6.82	41.617967400	0.248956300
1656755381.8828030	1.49200	2.063530	1350.105000000	-9.26	1332.495661867	42.024000000	-6.80	41.728035034	0.869099700
1656755383.3299570	1.49200	2.067844	1350.260000000	-9.26	1332.648640211	42.033400000	-6.79	41.738410891	1.286705000
1656755385.0520229	1.49200	2.073596	1350.410000000	-9.27	1332.773911012	42.090800000	-6.80	41.794886548	-0.037676110
1656755386.3844731	1.49200	2.079348	1350.565000000	-9.27	1332.926886742	42.109800000	-6.85	41.809036613	1.313607000
1656755388.1527591	1.49200	2.085100	1350.870000000	-9.27	1333.227903502	42.152800000	-6.79	41.857494766	0.373133300
1656755389.4616239	1.49300	2.089414	1350.870000000	-9.27	1333.227903502	42.200400000	-6.77	41.905804742	-1.180206000
1656755391.1800439	1.49300	2.095166	1351.175000000	-9.27	1333.528920262	42.295800000	-6.81	41.997395839	-1.002624000
1656755392.4612720	1.49300	2.099480	1351.175000000	-9.27	1333.528920262	42.334000000	-6.89	42.028453574	-1.172996000
1656755394.1816881	1.49300	2.105232	1351.330000000	-9.27	1333.681895993	42.324400000	-6.79	42.027892607	0.886858300
1656755395.5819571	1.49300	2.109546	1351.480000000	-9.27	1333.829937022	42.415000000	-6.79	42.117857901	-0.990884000
1656755396.7861090	1.49300	2.113860	1351.635000000	-9.27	1333.982912753	42.448400000	-6.85	42.145218209	-0.737326800
1656755398.0018499	1.49300	2.116736	1351.785000000	-9.27	1334.130953782	42.448400000	-6.82	42.148391890	0.837787700
1656755400.2634759	1.49300	2.125364	1351.940000000	-9.27	1334.283929513	42.467400000	-6.80	42.168838914	0.145173400
1656755401.5852971	1.49400	2.129678	1351.940000000	-9.27	1334.283929513	42.548400000	-6.85	42.245035324	0.587538500
1656755402.8539259	1.49400	2.133992	1352.090000000	-9.27	1334.431970542	42.643800000	-6.82	42.342410882	0.266095700
1656755404.3376131	1.49400	2.138306	1352.245000000	-9.27	1334.584946273	42.653400000	-6.70	42.361931248	-0.324276900
1656755406.0643711	1.49400	2.144058	1352.395000000	-9.27	1334.732987302	42.710600000	-6.77	42.412443105	1.088943000
1656755407.3948209	1.49400	2.148372	1352.550000000	-9.27	1334.885963033	42.763000000	-6.77	42.465005286	-0.850055100
1656755409.1072490	1.49400	2.154124	1352.700000000	-9.27	1335.034004062	42.782200000	-6.80	42.480895213	-0.329715600
1656755410.3665409	1.49400	2.158438	1352.855000000	-9.27	1335.186979793	42.796400000	-6.81	42.494464020	-0.935384400
1656755412.1690869	1.49400	2.164190	1352.855000000	-9.27	1335.186979793	42.896600000	-6.82	42.593424194	0.698900800
1656755413.4782500	1.49400	2.168504	1353.160000000	-9.27	1335.487996553	42.939400000	-6.81	42.636455130	0.126138900
1656755415.1976631	1.49400	2.174256	1353.160000000	-9.27	1335.487996553	42.906200000	-6.83	42.601888911	-0.491350600
1656755416.5853291	1.49400	2.180008	1353.310000000	-9.27	1335.636037582	43.015800000	-6.89	42.705332670	1.055160000
1656755417.7998400	1.49500	2.182884	1353.310000000	-9.27	1335.636037582	43.068200000	-6.91	42.755729691	0.345570500
1656755419.0158610	1.49500	2.187198	1353.465000000	-9.27	1335.789013313	43.082600000	-6.80	42.779179568	0.552065600
1656755421.2814500	1.49500	2.194388	1353.770000000	-9.28	1336.067186001	43.187400000	-6.84	42.880018197	-0.579523200
1656755422.6092551	1.49500	2.200140	1353.770000000	-9.27	1336.090030073	43.239800000	-6.80	42.935808665	1.571026000
1656755423.8130519	1.49500	2.203016	1353.920000000	-9.27	1336.238071102	43.239800000	-6.79	42.936879690	0.188021800
1656755425.3436270	1.49500	2.208768	1354.075000000	-9.27	1336.391046833	43.239800000	-6.78	42.937414496	-0.735514100
1656755427.0893271	1.49500	2.214520	1354.225000000	-9.28	1336.516236113	43.335200000	-6.77	43.032682857	-0.085635180
1656755428.3964851	1.49500	2.218834	1354.225000000	-9.27	1336.539087862	43.349600000	-6.76	43.048586578	-0.857718500
1656755430.1049290	1.49500	2.224586	1354.530000000	-9.27	1336.840104622	43.349600000	-6.74	43.049653714	-1.050832000
1656755431.3808801	1.49500	2.228900	1354.530000000	-9.27	1336.840104622	43.430600000	-6.86	43.119316828	1.232526000
1656755433.1063020	1.49500	2.234652	1354.685000000	-9.27	1336.993080353	43.478400000	-6.87	43.166229842	-0.519821400
1656755434.3818841	1.49600	2.238966	1354.685000000	-9.28	1336.970220841	43.473600000	-6.88	43.160919507	-1.252021000
1656755436.1132741	1.49600	2.244718	1354.835000000	-9.27	1337.141121382	43.573600000	-6.85	43.262925779	1.141062000
1656755437.5012131	1.49600	2.249032	1354.990000000	-9.27	1337.294097113	43.621400000	-6.84	43.310929247	1.147119000
1656755438.7189670	1.49600	2.253346	1355.145000000	-9.28	1337.424205569	43.659600000	-6.83	43.349401640	0.761813900
1656755439.9739890	1.49600	2.257660	1355.145000000	-9.28	1337.424205569	43.702400000	-6.83	43.392441884	1.084948000
1656755442.2080410	1.49600	2.264850	1355.450000000	-9.28	1337.725217182	43.707200000	-6.84	43.396118574	1.557347000
1656755443.5803621	1.49600	2.269164	1355.450000000	-9.28	1337.725217182	43.783400000	-6.86	43.470135907	0.883272500
1656755444.8107269	1.49600	2.273478	1355.600000000	-9.28	1337.873255681	43.802600000	-6.82	43.492476324	-0.057741510
1656755446.0288360	1.49600	2.277792	1355.755000000	-9.28	1338.026228796	43.855000000	-6.81	43.545595414	1.197134000
1656755447.7871490	1.49600	2.283544	1355.755000000	-9.28	1338.026228796	43.921800000	-6.89	43.604793598	0.257731800
1656755449.0025561	1.49600	2.287858	1355.905000000	-9.27	1338.197147393	43.874000000	-6.90	43.556235620	0.986151600
1656755451.2166519	1.49600	2.295048	1356.060000000	-9.28	1338.327240409	43.960000000	-6.80	43.650400250	0.034509680
1656755452.5880671	1.49700	2.299362	1356.060000000	-9.28	1338.327240409	44.026600000	-6.78	43.718712230	0.664335700
1656755453.8007629	1.49700	2.303676	1356.365000000	-9.28	1338.628252022	44.098200000	-6.88	43.780474014	-0.700779700
1656755455.0148900	1.49700	2.307990	1356.365000000	-9.28	1338.628252022	44.069600000	-6.89	43.750973142	-1.006539000
1656755456.7838161	1.49700	2.313742	1356.515000000	-9.28	1338.776290521	44.150600000	-6.89	43.831942230	1.173157000
1656755457.9899521	1.49700	2.318056	1356.515000000	-9.28	1338.776290521	44.241200000	-6.89	43.921332460	-0.198363800
1656755460.2150199	1.49700	2.325246	1356.670000000	-9.28	1338.929263636	44.269800000	-6.89	43.950281902	-1.128458000
1656755461.5969830	1.49700	2.329560	1356.820000000	-9.28	1339.077302134	44.269800000	-6.88	43.950837642	-0.853557000
1656755462.8859079	1.49700	2.333874	1356.820000000	-9.28	1339.077302134	44.269800000	-6.89	43.949725680	-0.853021200
1656755464.2259729	1.49700	2.338188	1356.820000000	-9.28	1339.077302134	44.374800000	-6.88	44.055081121	0.200917000
1656755465.9866221	1.49700	2.343940	1357.125000000	-9.28	1339.378313747	44.393800000	-6.86	44.075613217	-0.416816400
1656755467.3865490	1.49700	2.348254	1357.125000000	-9.28	1339.378313747	44.470200000	-6.86	44.152021949	1.368404000
1656755469.1192830	1.49700	2.354006	1357.280000000	-9.28	1339.531286862	44.489200000	-6.94	44.163050133	-0.877741800
1656755470.4138350	1.49800	2.358320	1357.430000000	-9.28	1339.679325360	44.513000000	-6.85	44.195072091	-0.713346400
1656755472.1312571	1.49800	2.364072	1357.430000000	-9.28	1339.679325360	44.603600000	-6.83	44.286694587	1.329715000
1656755473.3935339	1.49800	2.368386	1357.585000000	-9.28	1339.832298475	44.670400000	-6.83	44.353576369	-0.799746600
1656755475.1169410	1.49800	2.374138	1357.585000000	-9.28	1339.832298475	44.622800000	-6.95	44.295105684	-1.125077000
1656755476.3958910	1.49800	2.378452	1357.735000000	-9.28	1339.980336974	44.718000000	-6.86	44.397489556	-0.543141300
1656755478.1209359	1.49800	2.384204	1357.890000000	-9.28	1340.133310089	44.804000000	-6.91	44.478936038	0.928469300
1656755479.4025190	1.49800	2.388518	1357.890000000	-9.28	1340.133310089	44.846800000	-6.93	44.519162838	0.303958400
1656755481.1219339	1.49800	2.394270	1358.040000000	-9.28	1340.281348587	44.856400000	-6.94	44.528125693	0.146821400
1656755482.4916420	1.49800	2.398584	1358.195000000	-9.28	1340.434321702	44.927800000	-6.92	44.600705436	1.063111000
1656755483.7230020	1.49800	2.402898	1358.195000000	-9.28	1340.434321702	44.942200000	-6.87	44.619519918	1.156511000
1656755484.9377639	1.49800	2.407212	1358.345000000	-9.28	1340.582360200	44.956600000	-6.92	44.628728461	0.045551590
1656755487.1990919	1.49900	2.414402	1358.345000000	-9.28	1340.559424227	45.023200000	-6.91	44.695978530	-0.056587800
1656755488.5365241	1.49900	2.420154	1358.500000000	-9.28	1340.735333315	45.075800000	-6.89	44.749898233	-0.124653400
1656755489.8008001	1.49900	2.423030	1358.500000000	-9.28	1340.735333315	45.075800000	-6.91	44.748764063	-1.084823000
1656755491.0149269	1.49900	2.427344	1358.650000000	-9.28	1340.883371814	45.166400000	-6.89	44.839843188	-0.123705800
1656755493.2346461	1.49900	2.434534	1358.805000000	-9.28	1341.036344929	45.185400000	-6.87	44.860973769	0.112913700
1656755494.5371759	1.49900	2.438848	1358.805000000	-9.28	1341.036344929	45.276000000	-6.88	44.950355885	1.062205000
1656755495.7991669	1.49900	2.443162	1358.955000000	-9.28	1341.184383427	45.290200000	-6.88	44.964453753	0.005503487
1656755497.0085859	1.49900	2.447476	1359.110000000	-9.28	1341.337356542	45.290200000	-6.88	44.963885696	-0.982477500
1656755499.2330041	1.49900	2.454666	1359.110000000	-9.28	1341.337356542	45.338000000	-6.89	45.010772149	0.996984800
1656755500.6033671	1.49900	2.460418	1359.260000000	-9.28	1341.485395040	45.400000000	-6.86	45.075169360	0.545473700
1656755501.8137779	1.49900	2.463294	1359.260000000	-9.28	1341.485395040	45.409600000	-6.85	45.085268250	0.367571300
1656755503.0279040	1.50000	2.467608	1359.415000000	-9.28	1341.638368155	45.404800000	-6.85	45.080502534	-0.672514500
1656755504.7463191	1.50000	2.473360	1359.415000000	-9.28	1341.638368155	45.504800000	-6.85	45.179788298	-0.699667700
1656755505.9946339	1.50000	2.477674	1359.570000000	-9.28	1341.768384612	45.524000000	-6.95	45.189110648	-0.958292900
1656755508.2310319	1.50000	2.484864	1359.875000000	-9.28	1342.069391076	45.638400000	-6.95	45.303247471	-0.831638300
1656755509.5425341	1.50000	2.489178	1359.875000000	-9.28	1342.069391076	45.676600000	-6.96	45.340008706	0.593306600
1656755510.8031771	1.50000	2.493492	1359.875000000	-9.28	1342.069391076	45.752800000	-6.94	45.417386695	0.960440600
1656755512.0145860	1.50000	2.497806	1360.025000000	-9.28	1342.217427041	45.748000000	-6.87	45.419534362	0.760043600
1656755514.2329760	1.50000	2.504996	1360.025000000	-9.28	1342.217427041	45.757600000	-6.94	45.422151506	-1.135047000
1656755515.5132620	1.50000	2.509310	1360.180000000	-9.28	1342.370397539	45.853000000	-6.93	45.518011845	0.303670100
1656755516.7370000	1.50000	2.513624	1360.180000000	-9.28	1342.370397539	45.867200000	-6.91	45.533844472	-0.326501500
1656755517.9477720	1.50000	2.517938	1360.330000000	-9.28	1342.541402995	45.910200000	-6.84	45.583438952	1.093393000
1656755520.2081089	1.50000	2.525128	1360.330000000	-9.28	1342.518433504	45.981800000	-6.92	45.647031843	0.768529900
1656755521.6209791	1.50100	2.529442	1360.330000000	-9.28	1342.518433504	45.981800000	-6.91	45.647611577	-0.385419900
1656755522.8281250	1.50100	2.533756	1360.485000000	-9.28	1342.671404002	46.019800000	-6.91	45.685915112	0.743563400
1656755524.0415289	1.50100	2.538070	1360.635000000	-9.28	1342.819439968	46.091400000	-6.89	45.758155361	-1.011609000
1656755525.8071840	1.50100	2.543822	1360.635000000	-9.28	1342.819439968	46.101000000	-6.98	45.759524035	-1.093434000
1656755527.0149751	1.50100	2.548136	1360.790000000	-9.28	1342.995387723	46.153400000	-6.90	45.819126705	1.256629000
1656755529.2346840	1.50100	2.555326	1360.940000000	-9.28	1343.143426222	46.291600000	-6.87	45.959231374	-0.342323300
1656755530.5521729	1.50100	2.559640	1360.940000000	-9.28	1343.120446431	46.306000000	-6.95	45.965358002	0.816322300
1656755531.8177969	1.50100	2.563954	1360.940000000	-9.28	1343.120446431	46.329800000	-6.96	45.988395269	-0.232067100
1656755533.0299201	1.50100	2.568268	1361.095000000	-9.28	1343.273416929	46.320200000	-6.86	45.988205996	1.148477000
1656755535.2456601	1.50100	2.575458	1361.095000000	-9.28	1343.273416929	46.339400000	-6.94	45.999686336	-1.176827000
1656755536.5222559	1.50100	2.579772	1361.245000000	-9.28	1343.444437835	46.439400000	-6.98	46.094826399	1.451752000
1656755537.7449980	1.50200	2.584086	1361.245000000	-9.28	1343.421452894	46.520600000	-6.97	46.176607597	0.664006000
1656755539.0086310	1.50200	2.588400	1361.245000000	-9.28	1343.421452894	46.468000000	-6.95	46.126755177	-0.884129300
1656755541.2270751	1.50200	2.595590	1361.400000000	-9.28	1343.574423392	46.558600000	-6.97	46.214918178	0.431184400
1656755542.6293271	1.50200	2.599904	1361.550000000	-9.28	1343.722459358	46.635000000	-6.95	46.291937771	-0.604120300
1656755543.8460901	1.50200	2.604218	1361.550000000	-9.28	1343.722459358	46.654000000	-6.95	46.310798001	1.224409000
1656755545.0558729	1.50200	2.608532	1361.550000000	-9.28	1343.722459358	46.749400000	-6.94	46.407272079	1.403794000
1656755546.8178389	1.50200	2.614284	1361.705000000	-9.28	1343.875429855	46.730400000	-6.93	46.389001826	1.457437000
1656755548.0369170	1.50200	2.617160	1361.855000000	-9.28	1344.023465821	46.816200000	-6.93	46.474174997	-0.947538700
1656755550.2596400	1.50200	2.625788	1361.855000000	-9.28	1344.023465821	46.887600000	-6.92	46.545645546	0.777635400
1656755551.5565381	1.50200	2.630102	1361.855000000	-9.28	1344.023465821	46.883000000	-6.92	46.541670702	-0.655458200
1656755552.7659590	1.50200	2.632978	1362.010000000	-9.28	1344.176436319	46.849600000	-6.95	46.504959104	1.198699000
1656755554.0236061	1.50300	2.637292	1362.010000000	-9.28	1344.176436319	46.935400000	-7.01	46.584151599	1.212296000
1656755556.2506700	1.50300	2.645920	1362.160000000	-9.28	1344.324472284	47.026000000	-6.97	46.678867969	-0.061902810
1656755557.5385680	1.50300	2.650234	1362.160000000	-9.28	1344.324472284	47.007000000	-6.90	46.666544372	1.427074000
1656755558.7440209	1.50300	2.653110	1362.160000000	-9.28	1344.324472284	47.097600000	-6.95	46.751134735	0.278785300
1656755559.9617751	1.50300	2.657424	1362.315000000	-9.28	1344.477442782	47.126200000	-7.02	46.772920833	1.479520000
1656755562.2177639	1.50300	2.664614	1362.315000000	-9.28	1344.477442782	47.226200000	-6.98	46.876389536	-0.606675000
1656755563.6383331	1.50300	2.670366	1362.465000000	-9.28	1344.625478748	47.226200000	-6.88	46.886529223	0.956362100
1656755564.8540881	1.50300	2.673242	1362.465000000	-9.28	1344.625478748	47.231000000	-6.90	46.888922017	0.066192820
1656755566.0694971	1.50300	2.677556	1362.620000000	-9.28	1344.778449245	47.336000000	-6.98	46.984773757	-0.999947800
1656755567.8258140	1.50300	2.683308	1362.620000000	-9.28	1344.778449245	47.355000000	-6.99	47.003029546	1.343354000
1656755569.0286081	1.50300	2.687622	1362.620000000	-9.28	1344.778449245	47.355000000	-6.99	47.003029546	-1.048401000
1656755571.2540281	1.50300	2.694812	1362.770000000	-9.28	1344.926485211	47.460000000	-6.97	47.109061288	0.933164300
1656755572.5665410	1.50400	2.699126	1362.925000000	-9.28	1345.079455709	47.464600000	-6.97	47.113627274	0.968227100
1656755573.8301620	1.50400	2.703440	1362.925000000	-9.28	1345.079455709	47.464600000	-6.97	47.113627274	-1.111276000
1656755575.0389481	1.50400	2.707754	1362.925000000	-9.28	1345.079455709	47.574400000	-6.95	47.224427239	0.125891700
1656755576.8291919	1.50400	2.713506	1362.925000000	-9.28	1345.079455709	47.622000000	-6.95	47.272280603	1.481828000
1656755578.0379529	1.50400	2.717820	1363.075000000	-9.28	1345.227491674	47.603000000	-6.95	47.252816848	-0.505153500
1656755580.2600291	1.50400	2.725010	1363.075000000	-9.28	1345.227491674	47.693600000	-6.94	47.343958710	1.062412000
1656755581.6659231	1.50400	2.729324	1363.230000000	-9.28	1345.380462172	47.712600000	-7.06	47.351251696	-0.079248940
1656755582.8780420	1.50400	2.733638	1363.230000000	-9.28	1345.380462172	47.803200000	-7.01	47.446068306	-1.246789000
1656755584.2979109	1.50400	2.739390	1363.230000000	-9.28	1345.380462172	47.893800000	-6.95	47.542084598	-0.165855300
1656755586.0396259	1.50400	2.745142	1363.380000000	-9.28	1345.528498137	47.903400000	-6.91	47.555245694	0.927233500
1656755587.3301780	1.50400	2.749456	1363.535000000	-9.28	1345.681468635	47.912800000	-7.04	47.551782157	-0.722493300
1656755589.0655520	1.50500	2.755208	1363.535000000	-9.28	1345.681468635	47.932000000	-7.04	47.570222208	1.234545000
1656755590.3437891	1.50500	2.759522	1363.535000000	-9.28	1345.681468635	48.027400000	-7.03	47.666750097	-1.146462000
1656755592.0682950	1.50500	2.765274	1363.535000000	-9.28	1345.681468635	48.046400000	-7.02	47.686222601	1.498102000
1656755593.4315591	1.50500	2.769588	1363.690000000	-9.28	1345.834439133	48.089400000	-7.02	47.728900253	0.877875700
1656755595.1629410	1.50500	2.775340	1363.690000000	-9.28	1345.834439133	48.151400000	-7.01	47.791666948	0.151477000
1656755596.4558599	1.50500	2.779654	1363.840000000	-9.28	1345.982475099	48.146600000	-7.01	47.786902808	1.239448000
1656755598.1769080	1.50500	2.785406	1363.840000000	-9.28	1345.982475099	48.208600000	-7.04	47.844734506	-0.728880000
1656755599.4405420	1.50500	2.789720	1363.840000000	-9.28	1345.982475099	48.246600000	-7.00	47.886771888	1.164918000
1656755601.1652999	1.50500	2.795472	1363.995000000	-9.28	1346.135445596	48.289600000	-6.99	47.930683044	-0.001212447
1656755602.4408889	1.50500	2.799786	1363.995000000	-9.28	1346.135445596	48.313400000	-7.05	47.948122803	-0.357279700
1656755604.1672959	1.50500	2.805538	1363.995000000	-9.28	1346.135445596	48.370600000	-6.98	48.011697175	-1.216877000
1656755605.5592339	1.50500	2.809852	1363.995000000	-9.28	1346.135445596	48.385000000	-6.98	48.026606157	0.842897000
1656755606.7719989	1.50500	2.814166	1364.145000000	-9.29	1346.260432890	48.475600000	-6.96	48.118382848	0.437652900
1656755607.9851110	1.50500	2.818480	1364.145000000	-9.29	1346.260432890	48.489800000	-6.98	48.130629890	0.741627300
1656755610.2440960	1.50600	2.825670	1364.450000000	-9.28	1346.584488025	48.509000000	-7.04	48.143489853	0.403085900
1656755611.6410191	1.50600	2.829984	1364.450000000	-9.28	1346.584488025	48.566200000	-7.04	48.200258857	-0.303552500
1656755612.8487999	1.50600	2.834298	1364.450000000	-9.28	1346.584488025	48.609000000	-7.05	48.241487896	-1.043086000
1656755614.0635619	1.50600	2.838612	1364.450000000	-9.28	1346.584488025	48.656800000	-6.94	48.300097501	-0.822490600
1656755615.8401811	1.50600	2.844364	1364.450000000	-9.28	1346.584488025	48.709200000	-6.95	48.350879281	0.066563630
1656755617.0555880	1.50600	2.848678	1364.605000000	-9.28	1346.737458523	48.728200000	-7.06	48.359160115	-0.955367200
1656755618.8398280	1.50600	2.854430	1364.605000000	-9.28	1346.737458523	48.809400000	-7.04	48.440999829	1.503252000
1656755620.0466089	1.50600	2.858744	1364.605000000	-9.28	1346.737458523	48.838000000	-7.04	48.469383964	-0.085717450
1656755622.2730329	1.50600	2.865934	1364.755000000	-9.28	1346.885494488	48.890400000	-7.03	48.522643095	-0.964597700
1656755623.6829200	1.50600	2.870248	1364.755000000	-9.29	1346.862435510	48.947600000	-7.03	48.580040083	1.305534000
1656755624.9375751	1.50600	2.874562	1364.910000000	-9.28	1347.038464986	48.957200000	-7.03	48.589567994	-1.030232000
1656755626.3129079	1.50600	2.878876	1364.910000000	-9.28	1347.038464986	48.976200000	-7.10	48.600224722	0.306554100
1656755628.0472860	1.50700	2.884628	1364.910000000	-9.28	1347.038464986	49.062000000	-7.01	48.694836855	0.340379500
1656755629.3421891	1.50700	2.888942	1364.910000000	-9.28	1347.038464986	49.081200000	-7.07	48.707590189	1.153876000
1656755631.0845439	1.50700	2.894694	1365.060000000	-9.28	1347.186500952	49.171800000	-7.09	48.795595716	0.566402900
1656755632.3697641	1.50700	2.899008	1365.060000000	-9.28	1347.186500952	49.176600000	-7.00	48.809835852	-0.168492300
1656755634.0861881	1.50700	2.904760	1365.060000000	-9.28	1347.186500952	49.214600000	-7.02	48.845665249	-1.073493000
1656755635.3617849	1.50700	2.909074	1365.215000000	-9.28	1347.339471449	49.267200000	-6.98	48.901644534	-0.928709700
1656755637.0745780	1.50700	2.914826	1365.215000000	-9.28	1347.339471449	49.291000000	-6.98	48.925895300	0.942642200
1656755638.4399259	1.50700	2.919140	1365.365000000	-9.28	1347.487507415	49.391000000	-7.04	49.018210070	-0.749192200
1656755640.1763151	1.50700	2.924892	1365.365000000	-9.28	1347.487507415	49.419800000	-7.09	49.041698314	-0.381011700
1656755641.4475689	1.50700	2.929206	1365.365000000	-9.28	1347.487507415	49.415000000	-7.04	49.042663240	-0.914495400
1656755643.1839390	1.50700	2.934958	1365.520000000	-9.28	1347.640477913	49.443600000	-6.98	49.077364973	1.089149000
1656755644.4555500	1.50700	2.939272	1365.520000000	-9.28	1347.640477913	49.529400000	-7.07	49.153016936	-1.058947000
1656755646.1779571	1.50700	2.945024	1365.520000000	-9.28	1347.640477913	49.596200000	-7.07	49.219309311	-0.110067900
1656755647.4545550	1.50800	2.949338	1365.520000000	-9.29	1347.617406009	49.605600000	-7.03	49.232463312	1.042758000
1656755649.1903000	1.50800	2.955090	1365.670000000	-9.29	1347.765439440	49.653400000	-7.06	49.276714175	-0.523941700
1656755650.5532999	1.50800	2.959404	1365.670000000	-9.29	1347.765439440	49.662800000	-7.06	49.286681982	1.104847000
1656755651.7933500	1.50800	2.963718	1365.670000000	-9.29	1347.765439440	49.734400000	-7.01	49.362840554	0.347960500
1656755653.0496390	1.50800	2.968032	1365.670000000	-9.29	1347.765439440	49.786800000	-7.04	49.411022678	0.451908300
1656755655.2826829	1.50800	2.975222	1365.825000000	-9.29	1347.918407319	49.763000000	-7.04	49.388041097	-0.298772800
1656755656.6573770	1.50800	2.979536	1365.825000000	-9.29	1347.918407319	49.853600000	-7.03	49.478597839	1.171797000
1656755657.8791270	1.50800	2.983850	1365.825000000	-9.29	1347.918407319	49.915600000	-7.10	49.533059410	0.052761600
1656755659.0855491	1.50800	2.988164	1365.825000000	-9.28	1347.941484376	49.972800000	-7.06	49.593691109	-1.151447000
1656755660.8551941	1.50800	2.993916	1365.975000000	-9.29	1348.066440750	49.977600000	-7.07	49.597810982	-1.145555000
1656755662.0759330	1.50800	2.998230	1365.975000000	-9.29	1348.066440750	50.006200000	-7.08	49.624903849	1.354767000
1656755663.8568311	1.50800	2.999668	1365.975000000	-9.29	1348.066440750	50.044400000	-7.01	49.669884911	1.614247000
1656755665.0666060	1.50800	2.999668	1366.130000000	-9.29	1348.219408629	50.034800000	-7.10	49.651345891	-1.121988000
1656755666.8552010	1.50800	2.999668	1366.130000000	-9.29	1348.219408629	50.087200000	-7.05	49.708511850	-0.224362300
1656755668.0719559	1.50800	2.999668	1365.975000000	-9.29	1348.066440750	50.082600000	-7.00	49.709078810	-1.093971000
1656755669.8588331	1.50800	2.999668	1365.975000000	-9.29	1348.066440750	50.096800000	-7.10	49.712222219	0.833503900
1656755671.0656149	1.50800	2.999668	1365.975000000	-9.29	1348.066440750	50.030000000	-7.10	49.646582677	1.165205000
1656755672.8598320	1.50800	2.999668	1365.975000000	-9.29	1348.066440750	50.092000000	-7.07	49.711341635	-0.091197770
1656755674.0706050	1.50800	2.999668	1365.975000000	-9.29	1348.066440750	50.077800000	-7.03	49.701111391	1.523275000
1656755675.8618290	1.50800	2.999668	1365.975000000	-9.29	1348.066440750	50.087200000	-7.04	49.709798284	-1.047083000
1656755677.0755939	1.50800	2.999668	1365.975000000	-9.29	1348.066440750	50.039600000	-7.06	49.660628311	-1.106991000
1656755678.7920170	1.50800	2.999668	1365.975000000	-9.29	1348.066440750	50.082600000	-7.01	49.708439196	1.072464000
1656755680.0027909	1.50800	2.999668	1366.130000000	-9.29	1348.219408629	50.096800000	-7.11	49.711573154	-0.947662600
1656755681.7680831	1.50800	2.999668	1365.975000000	-9.29	1348.066440750	50.125400000	-7.11	49.739953230	-0.034750830
1656755682.9782200	1.50800	2.999668	1366.130000000	-9.29	1348.219408629	50.111200000	-7.13	49.723911397	-1.093683000
1656755685.1959469	1.50800	2.999668	1366.130000000	-9.29	1348.219408629	50.096800000	-7.08	49.714813026	-1.105795000
