-----------------------------------------------------------------------------------
time (s) 	 Gate (V) 	 I (A) 	 RLkin (V/A) 	 pLkin (deg.) 	 XLkin (V)
-----------------------------------------------------------------------------------

1653837687.7564561	0.0	-5.387198e-11	832.4475000000001	2.484	831.6653019102167
1653837690.0453677	1.0	1.035626e-09	830.6175000000001	2.496	829.829463570343
1653837692.1417868	2.0	7.072595e-11	828.785	2.484	828.0062433290494
1653837694.240837	3.0	1.114899e-09	826.5725	2.478	825.7995692255561
1653837696.3372464	4.0	7.506764e-10	824.97	2.49	824.1910793178099
1653837698.4336512	5.0	-7.583331e-11	823.9025	2.496	823.1208343301995
1653837700.5639708	6.0	5.553397e-10	822.5300000000001	2.508	821.7421161381565
1653837702.6617746	7.0	-1.603002e-10	821.5375	2.484	820.7655533448832
1653837704.7588265	8.0	-5.510814e-11	819.935	2.472	819.1719838534317
1653837706.8665578	9.0	-7.230976e-10	819.02	2.502	818.2392268984639
1653837708.9636133	10.0	1.384193e-09	818.1800000000001	2.484	817.4112081745709
1653837711.062369	11.0	9.464661e-10	816.8075	2.478	816.0437005104856
1653837713.160419	12.0	1.255932e-09	815.9675	2.502	815.1896368516915
1653837715.2591765	13.0	1.374138e-09	815.5875	2.496	814.8137230670881
1653837717.3575828	14.0	1.447888e-09	814.595	2.472	813.8369531573677
1653837719.4560823	15.0	4.856667e-10	813.9075	2.496	813.1353169429718
1653837721.55413	16.0	1.70474e-09	813.755	2.502	812.9792460315493
1653837723.6495667	17.0	-1.034721e-09	813.2975	2.478	812.5369827235018
1653837725.7479727	18.0	3.167407e-10	812.5350000000001	2.478	811.7751957398622
1653837727.8713052	19.0	-3.56553e-10	812.5350000000001	2.472	811.7788701547663
1653837729.9675922	20.0	-1.001758e-09	811.8475	2.484	811.0846584229691
1653837732.0679872	21.0	-9.371097e-10	811.8475	2.508	811.0698486760019
1653837734.1657448	22.0	-2.134117e-10	811.695	2.484	810.9323017175418
1653837736.2628202	23.0	-6.47696e-10	811.085	2.478	810.3265516398261
1653837738.3605893	24.0	-1.054129e-09	810.78	2.508	810.0033712113776
1653837740.457986	25.0	-1.2433e-10	810.8575	2.496	810.0882105866892
1653837742.5550442	26.0	4.594635e-10	810.5525	2.472	809.7982150321169
1653837744.6537943	27.0	-2.977968e-10	810.0174999999999	2.49	809.2526971784598
1653837746.7532003	28.0	-8.638915e-10	810.1700000000001	2.508	809.3939555173066
1653837748.8788817	29.0	1.470346e-09	809.7125	2.502	808.9405997533912
1653837750.976287	30.0	4.738844e-10	809.865	2.502	809.0929543748925
1653837753.0770426	31.0	-4.470357e-10	809.4825	2.472	808.7292107540666
1653837755.175442	32.0	-6.956985e-10	809.025	2.496	808.2574491447588
1653837757.273838	33.0	-8.11274e-10	809.33	2.508	808.5547601353071
1653837759.372889	34.0	-1.099501e-10	809.1775	2.478	808.4208353496063
1653837761.4697099	35.0	1.38959e-09	808.5675	2.484	807.8077404308249
1653837763.5674598	36.0	1.289305e-09	808.72	2.508	807.945344441236
1653837765.6655214	37.0	6.147519e-10	808.7975	2.49	808.0338490788106
1653837767.7624211	38.0	1.080002e-09	808.34	2.472	807.5877739431578
1653837769.8819597	39.0	1.709766e-09	808.5675	2.49	807.8040662403521
1653837771.9790616	40.0	-5.260222e-10	808.1875	2.472	807.4354158568001
1653837774.0801218	41.0	5.984872e-11	807.8825	2.502	807.1123442953754
1653837776.178528	42.0	-5.27094e-10	808.1875	2.502	807.417053538378
1653837778.277279	43.0	-4.614569e-10	807.8825	2.472	807.1306996840849
1653837780.375739	44.0	-6.117258e-10	807.4225	2.496	806.65646949363
1653837782.474276	45.0	1.220252e-09	807.73	2.508	806.9562927410223
1653837784.5696883	46.0	-5.437824e-10	807.73	2.484	806.9710273764283
1653837786.6661925	47.0	-4.434915e-10	807.195	2.478	806.4401891921432
1653837788.7640038	48.0	-4.941321e-10	807.1175	2.508	806.3443794416476
1653837790.8873372	49.0	1.065824e-09	806.965	2.484	806.2067461983825
1653837792.9861407	50.0	-3.702324e-10	807.0425	2.508	806.2694512825406
1653837795.0963917	51.0	-4.017529e-10	807.0425	2.472	806.2914813723445
1653837797.1946712	52.0	1.383903e-09	806.66	2.496	805.8946929045593
1653837799.293407	53.0	2.501621e-09	806.965	2.508	806.1920255181299
1653837801.393207	54.0	2.006708e-09	806.89	2.478	806.1354743986873
1653837803.49064	55.0	1.02512e-09	806.355	2.484	805.5973193766727
1653837805.5897233	56.0	1.240976e-09	806.5849999999999	2.508	805.8123895119871
1653837807.6923566	57.0	9.206836e-11	806.66	2.484	805.9020327875276
1653837809.842973	58.0	1.112509e-09	806.2025000000001	2.478	805.4486172822909
1653837811.943017	59.0	-3.204174e-10	806.2025000000001	2.508	805.4302559005412
1653837814.0419412	60.0	3.773896e-10	806.355	2.496	805.5899822689311
1653837816.1424072	61.0	-2.319948e-10	805.975	2.478	805.2213300183197
1653837818.2408092	62.0	2.259313e-09	805.8975	2.508	805.1255480535056
1653837820.3840942	63.0	-3.202937e-10	805.8975	2.508	805.1255480535056
1653837822.484504	64.0	1.793859e-09	806.1274999999999	2.484	805.3700331439858
1653837824.582779	65.0	5.090285e-10	805.5925	2.478	804.8391876953791
1653837826.7190838	66.0	2.253915e-09	805.5925	2.478	804.8391876953791
1653837828.816847	67.0	-2.207051e-10	805.515	2.502	804.7471012369858
1653837831.097485	68.0	2.024755e-09	805.67	2.472	804.9202585951257
1653837833.1958869	69.0	-6.652157e-11	805.2099999999999	2.496	804.4460685712446
1653837835.2936442	70.0	2.329275e-09	805.515	2.508	804.7434144420592
1653837837.414005	71.0	1.010091e-10	805.135	2.49	804.374807140314
1653837839.5124204	72.0	2.321984e-09	805.3625000000001	2.508	804.5910605185416
1653837841.6248193	73.0	2.579326e-09	805.135	2.478	804.3821155051953
1653837843.7255936	74.0	1.958501e-09	805.135	2.508	804.3637784359166
1653837846.0530782	75.0	7.13677e-10	805.2874999999999	2.49	804.5271631527701
1653837848.1507328	76.0	1.119225e-09	804.9050000000001	2.478	804.1523305789827
1653837850.249135	77.0	8.840866e-10	804.83	2.508	804.0590705888811
1653837852.3485358	78.0	2.239043e-09	805.135	2.496	804.371139726418
1653837854.4539177	79.0	4.862445e-10	804.6775	2.484	803.9213956169709
1653837856.5508444	80.0	2.442455e-09	804.6775	2.508	803.9067166653634
1653837858.647131	81.0	7.678164e-10	804.9050000000001	2.496	804.1413579356165
1653837860.746281	82.0	1.152763e-09	804.6	2.472	803.8512543170755
1653837862.8469071	83.0	2.911134e-10	804.3725000000001	2.502	803.6056903840989
1653837864.945343	84.0	1.276121e-09	804.6775	2.502	803.9103996271016
1653837867.142834	85.0	2.515304e-09	804.7524999999999	2.496	803.9890026178023
1653837869.2412384	86.0	1.395728e-09	804.3725000000001	2.478	803.6203285215557
1653837871.3411639	87.0	1.540768e-10	804.1425	2.502	803.375909643474
1653837873.4395738	88.0	1.517727e-09	804.4475	2.502	803.6806188864766
1653837875.5369804	89.0	2.651555e-09	804.295	2.478	803.5429009920709
1653837877.6374876	90.0	1.724116e-10	803.9150000000001	2.496	803.1522971839051
1653837879.7438662	91.0	2.408381e-09	804.295	2.496	803.5319366643599
1653837882.031245	92.0	8.70418e-11	803.9150000000001	2.508	803.1449470477746
1653837884.1280153	93.0	2.53207e-09	804.2199999999999	2.502	803.4533357625975
1653837886.227415	94.0	1.423417e-09	803.9150000000001	2.478	803.1632563313719
1653837888.3258128	95.0	9.977312e-11	803.61	2.496	802.8475865482768
1653837890.4245734	96.0	2.612908e-09	803.9150000000001	2.508	803.1449470477746
1653837892.543567	97.0	6.355688e-11	803.5325	2.496	802.7701600752893
1653837894.6483307	98.0	2.363885e-09	803.9150000000001	2.502	803.148626519595
1653837896.7549706	99.0	9.529357e-10	803.4575	2.478	802.706184141188
1653837898.8537283	100.0	-1.242132e-11	803.4575	2.508	802.6878852772212
1653837900.951201	101.0	2.454115e-09	803.7624999999999	2.496	802.9999418660908
1653837903.0984745	102.0	2.430469e-09	803.61	2.478	802.858541537916
1653837905.1957543	103.0	7.388517e-10	803.2275	2.484	802.4727580899558
1653837907.2947204	104.0	6.83765e-10	803.3800000000001	2.508	802.6104595128106
1653837909.4289703	105.0	2.413781e-09	803.2275	2.508	802.4581055892928
1653837911.5253792	106.0	2.202953e-09	803.4575	2.496	802.6952312304626
1653837913.6560557	107.0	1.012306e-09	803.3800000000001	2.508	802.6104595128106
1653837915.7544565	108.0	2.403026e-09	803.3800000000001	2.484	802.6251147953834
1653837917.9914896	109.0	2.497471e-10	803.3025	2.502	802.5367104168437
1653837920.090271	110.0	2.829092e-09	803.15	2.478	802.3989716854908
1653837922.1882977	111.0	3.059874e-10	802.77	2.496	802.0083834862186
1653837924.2867017	112.0	2.030811e-09	803.075	2.508	802.3057516657751
1653837926.3831098	113.0	5.949341e-10	803.075	2.484	802.3204013845285
1653837928.4825306	114.0	3.032754e-09	802.6925	2.478	801.941899495307
1653837930.5804543	115.0	6.681081e-10	802.6925	2.508	801.9236180543288
1653837932.6918256	116.0	1.807539e-09	802.8449999999999	2.478	802.0942568920349
1653837934.7912261	117.0	1.260597e-10	802.465	2.502	801.7000088069594
1653837936.8885536	118.0	1.612078e-09	802.77	2.502	802.004718049962
1653837939.0876863	119.0	1.407142e-09	802.8449999999999	2.502	802.0796465523397
1653837941.1844342	120.0	1.050665e-09	802.6175000000001	2.478	801.8669696280638
1653837943.283466	121.0	8.768357e-10	802.235	2.496	801.4738910597888
1653837945.3875833	122.0	9.136287e-10	802.6925	2.502	801.9272919308384
1653837947.4856236	123.0	2.845286e-09	802.465	2.478	801.7146122313359
1653837949.5845516	124.0	2.363803e-09	802.16	2.496	801.3989622149621
1653837951.6889427	125.0	8.491066e-10	802.5400000000001	2.502	801.7749373093371
1653837953.8477147	126.0	2.497381e-09	802.16	2.478	801.40989743788
1653837955.97242	127.0	2.676154e-09	802.465	2.484	801.7109745628187
1653837958.0704823	128.0	2.394333e-09	802.0075	2.484	801.2539044465365
1653837960.1706326	129.0	1.751175e-09	802.0825	2.508	801.3142023602577
1653837962.2675216	130.0	2.005471e-09	802.3125	2.496	801.5513175327762
1653837964.3760705	131.0	1.269076e-09	801.7775	2.49	801.0204772267299
1653837966.47348	132.0	1.285638e-09	802.0075	2.508	801.2392742011507
1653837968.570902	133.0	2.506237e-09	802.16	2.49	801.4026160776444
1653837970.6676688	134.0	2.490053e-10	801.855	2.478	801.1051826444241
1653837972.7651255	135.0	3.033822e-09	801.7025	2.502	800.9382356994528
1653837975.0474842	136.0	1.312748e-09	802.0075	2.478	801.2575400411521
1653837977.1452386	137.0	1.228286e-09	801.5500000000001	2.49	800.7931920278198
1653837979.2416573	138.0	2.626628e-09	801.7025	2.508	800.9345663541151
1653837981.3789492	139.0	1.311802e-09	801.7025	2.508	800.9345663541151
1653837983.4778721	139.0	1.908289e-10	802.0075	2.496	801.246606897148
1653837985.576279	138.0	7.383565e-10	802.9975000000001	2.502	802.2320011738411
1653837987.6876464	137.0	1.449458e-09	803.5325	2.484	802.7774715008107
1653837989.8371894	136.0	1.785166e-09	804.295	2.502	803.5282642649753
1653837991.9685853	135.0	1.626788e-09	805.3625000000001	2.49	804.6020923392241
1653837994.0685046	134.0	1.553077e-09	806.66	2.502	805.8910097066188
1653837996.2377493	133.0	1.940001e-09	807.8050000000001	2.484	807.0459569036877
1653837998.3347921	132.0	1.714588e-09	809.1775	2.502	808.4061097697636
1653838000.4581308	131.0	6.41904e-10	810.5525	2.484	809.7908752522902
1653838002.5886743	130.0	9.975148e-10	812.155	2.478	811.3955510791629
1653838004.6937141	129.0	-8.637679e-10	813.755	2.502	812.9792460315493
1653838006.7929788	128.0	-2.207461e-10	815.51	2.49	814.7400112664304
1653838008.8909073	127.0	1.168666e-09	816.96	2.478	816.1960579072136
1653838011.0895584	126.0	-1.129165e-10	818.485	2.484	817.7159215854257
1653838013.188609	125.0	-1.158496e-09	820.24	2.502	819.4580638704746
1653838015.2948637	124.0	1.021288e-09	822.0725	2.478	821.3037771909613
1653838017.3936214	123.0	1.344845e-09	823.5975	2.484	822.8236176936078
1653838019.491194	122.0	-9.963192e-10	825.505	2.496	824.7218139813283
1653838021.5911753	121.0	-2.851471e-10	827.4125	2.484	826.6350329802025
1653838023.7091944	120.0	-1.243006e-09	829.015	2.496	828.2284839192141
1653838026.0310023	119.0	7.571866e-10	830.9975	2.484	830.2166643832016
1653838028.1281674	118.0	3.417502e-10	832.6775	2.472	831.9026259217084
1653838030.2269187	117.0	-1.027181e-09	834.3549999999999	2.49	833.5672181827354
1653838032.3270082	116.0	8.925335e-10	836.4925	2.49	835.7026999966703
1653838034.425074	115.0	1.057918e-09	838.3225	2.472	837.5423727904878
1653838036.5263462	114.0	1.180656e-09	840.0	2.49	839.2068882831621
1653838038.6247368	113.0	-1.335919e-09	842.2125	2.49	841.4172992835508
1653838040.7234929	112.0	5.433914e-10	844.12	2.472	843.3344777456248
1653838042.8222587	111.0	5.763108e-10	845.8000000000001	2.478	845.0090895244825
1653838044.9193122	110.0	-8.30723e-10	848.0124999999999	2.49	847.2118230359822
1653838047.102013	109.0	1.014367e-09	849.7675	2.484	848.9690274053199
1653838049.2012846	108.0	-2.785132e-10	852.0550000000001	2.484	851.2543779867316
1653838051.2997353	107.0	1.277975e-09	854.04	2.466	853.2490991298686
1653838053.3985355	106.0	-7.020854e-10	855.87	2.478	855.0696730330088
1653838055.4955904	105.0	-1.730738e-10	858.0825	2.49	857.2723151371863
1653838057.6149342	104.0	-8.509539e-10	859.99	2.472	859.1897094210063
1653838059.7123396	103.0	-2.274622e-10	862.28	2.484	861.4697702030958
1653838062.0521019	102.0	9.079117e-11	864.2624999999999	2.466	863.462132378727
1653838064.1505136	101.0	1.269075e-09	866.475	2.484	865.6608284278047
1653838066.248929	100.0	-8.877898e-10	868.84	2.478	868.0275447416072
1653838068.3522394	99.0	1.447519e-09	870.7475000000001	2.466	869.9411268144178
1653838070.449815	98.0	-9.802505e-10	872.96	2.478	872.1436921155027
1653838072.5485823	97.0	1.163186e-09	875.4775	2.478	874.6588379926343
1653838074.6465175	96.0	-1.326978e-09	877.5375	2.46	876.7287879367973
1653838076.744927	95.0	-8.156421e-10	879.6750000000001	2.478	878.8524128960146
1653838078.845373	94.0	-1.29418e-09	882.1925	2.478	881.3675587731461
1653838080.9441519	93.0	-1.127471e-09	884.48	2.46	883.6648899384224
1653838083.061023	92.0	3.3969e-10	886.7700000000001	2.478	885.9407783372257
1653838085.1580787	91.0	-4.587787e-10	889.21	2.46	888.3905309132424
1653838087.2538342	90.0	1.30216e-09	891.27	2.46	890.4486324794431
1653838089.3514104	89.0	-9.681363e-10	893.635	2.478	892.7993588522238
1653838091.4510212	88.0	-1.19253e-09	896.2299999999999	2.472	895.395985156093
1653838093.5492928	87.0	-5.022899e-10	898.5174999999999	2.46	897.6894534022775
1653838095.6481142	86.0	9.168835e-10	900.8075	2.472	899.9692254203691
1653838097.746175	85.0	-1.005467e-09	903.5550000000001	2.472	902.7141686483534
1653838099.8452923	84.0	3.512749e-11	905.995	2.454	905.1641296417837
1653838101.9427016	83.0	1.211558e-09	908.2075000000001	2.466	907.3664362301417
1653838104.069394	82.0	1.026233e-09	910.8774999999999	2.454	910.0421519961852
1653838106.1674452	81.0	-1.21544e-09	913.2425	2.466	912.3967734674126
1653838108.2668478	80.0	2.548588e-11	916.0649999999999	2.466	915.2166596346812
1653838110.3667915	79.0	7.648499e-10	918.5849999999999	2.454	917.7425835981411
1653838112.4650898	78.0	-1.152935e-09	920.9499999999999	2.46	920.1012802876154
1653838114.5656714	77.0	-9.440323e-10	923.8475	2.466	922.9919524944748
1653838116.6644444	76.0	8.720973e-10	926.365	2.454	925.51544871176
1653838118.7624767	75.0	6.064287e-10	928.8075	2.46	927.9515390528687
1653838120.8588345	74.0	5.140554e-10	931.63	2.466	930.7672453542685
1653838122.9558878	73.0	2.724492e-10	934.53	2.454	933.6729607493818
1653838125.0829682	72.0	-2.538323e-10	937.1999999999999	2.466	936.3320871440598
1653838127.1825514	71.0	-1.514866e-09	939.9449999999999	2.448	939.0872041494644
1653838129.2800055	70.0	7.083214e-10	942.4649999999999	2.454	941.6006837155212
1653838131.3787658	69.0	-1.417172e-09	945.3625000000001	2.466	944.4870280972325
1653838133.4781616	68.0	-6.866748e-10	948.2625	2.448	947.3971135808813
1653838135.5782206	67.0	1.032537e-09	950.78	2.448	949.912316104908
1653838137.6897242	66.0	-6.829256e-10	953.9074999999999	2.46	953.0284076507503
1653838139.8406217	65.0	-7.452666e-10	956.7299999999999	2.442	955.8611601997789
1653838141.9619794	64.0	1.351974e-09	959.7075	2.46	958.8230625458784
1653838144.0600636	63.0	-1.570284e-09	962.5300000000001	2.442	961.6558930179814
1653838146.1585035	62.0	8.24798e-10	965.1999999999999	2.448	964.3191563815574
1653838148.2534397	61.0	9.56941e-11	968.3275	2.46	967.4351186141549
1653838150.3657007	60.0	3.143099e-10	971.2275	2.436	970.3498227182613
1653838152.465626	59.0	-1.176749e-09	974.125	2.454	973.2316489465202
1653838154.5630345	58.0	4.180969e-10	977.4075	2.454	976.5111386297405
1653838156.6606123	57.0	-1.161133e-09	980.3824999999999	2.436	979.4965495428062
1653838158.7604253	56.0	-1.392697e-09	983.28	2.448	982.3826565342497
1653838161.012455	55.0	-3.244963e-10	982.2125	2.538	981.2490206362318
1653838163.1112092	54.0	1.047946e-09	989.5374999999999	2.454	988.6300144431332
1653838165.2092588	53.0	6.414925e-10	992.7425	2.436	991.845380078183
1653838167.3096583	52.0	1.119184e-09	995.64	2.442	994.7358246749949
1653838169.4084487	51.0	-1.471313e-09	998.9975	2.448	998.0858127095782
1653838171.5080826	50.0	-1.888134e-10	1002.355	2.43	1001.4536494077684
1653838173.6071315	49.0	-1.477906e-09	1005.255	2.436	1004.3465728026089
1653838175.7115195	48.0	-1.389158e-10	1008.61	2.448	1007.6895403211797
1653838177.8119543	47.0	-1.316636e-09	1011.8149999999999	2.424	1010.9096295707594
1653838179.9093788	46.0	8.243036e-10	1015.02	2.436	1014.1027483833495
1653838182.1048818	45.0	-1.374771e-09	1018.0699999999999	2.436	1017.1499921643284
1653838184.203279	44.0	-1.167067e-09	1021.4275	2.442	1020.4999061490281
1653838186.3016865	43.0	-4.549059e-10	1024.3275	2.424	1023.4109334059509
1653838188.4000995	42.0	-1.737571e-09	1026.9225	2.424	1026.0036114041382
1653838190.4958742	41.0	-2.766183e-10	1029.82	2.442	1028.8847846277804
1653838192.5952575	40.0	-5.734891e-10	1033.025	2.43	1032.0960699347636
1653838194.6958294	39.0	-1.473628e-10	1035.6200000000001	2.418	1034.6979100182737
1653838196.8466203	38.0	4.729779e-10	1038.5175000000002	2.436	1037.5790142009077
1653838198.9826696	37.0	7.6453e-11	1041.4175	2.43	1040.4810231226609
1653838201.0815196	36.0	6.163181e-10	1044.6225000000002	2.436	1043.6784972444736
1653838203.179581	35.0	2.221419e-10	1047.52	2.418	1046.5873145577932
1653838205.2783418	34.0	-1.48318e-09	1050.2675	2.424	1049.32772233581
1653838207.3842301	33.0	-1.684582e-09	1053.625	2.43	1052.6775457370493
1653838209.4817667	32.0	-1.341067e-09	1056.5225	2.412	1055.5864609691141
1653838211.5801594	31.0	8.050192e-13	1059.27	2.424	1058.3221669133372
1653838213.6931782	30.0	3.300083e-10	1062.78	2.424	1061.8290261710013
1653838215.7911012	29.0	-1.914507e-10	1065.6775	2.412	1064.733349984892
1653838218.118657	28.0	-3.008457e-10	1069.035	2.43	1068.0736885580795
1653838220.2160652	27.0	-1.041314e-09	1072.24	2.418	1071.2853044919889
1653838222.3144941	26.0	-1.249475e-09	1075.2925	2.412	1074.3398314580438
1653838224.4146433	25.0	8.488607e-10	1078.4950000000001	2.424	1077.5299644143606
1653838226.514051	24.0	-1.11923e-09	1082.1575	2.418	1081.1939741996098
1653838228.6141014	23.0	-1.011152e-09	1085.0575	2.406	1084.100956072675
1653838230.7208312	22.0	3.925519e-10	1088.415	2.424	1087.4410880143682
1653838232.9399486	21.0	9.093846e-10	1091.9225000000001	2.406	1090.9599041592412
1653838235.0383434	20.0	1.614931e-10	1095.1275	2.412	1094.157258397198
1653838237.137392	19.0	-1.36711e-09	1098.9424999999999	2.418	1097.9640292580834
1653838239.2763577	18.0	1.811463e-10	1102.3	2.424	1101.3136637387745
1653838241.3741262	17.0	6.149581e-10	1105.81	2.406	1104.83516148658
1653838243.4715211	16.0	-7.975129e-10	1109.0125	2.406	1108.0348382887983
1653838245.5995069	15.0	-9.973158e-11	1112.675	2.4	1111.698994980247
1653838247.7098405	14.0	-6.809076e-10	1116.185	2.418	1115.1911769700725
1653838249.808485	13.0	1.033855e-09	1120.1525	2.406	1119.1650177038518
1653838251.9058902	12.0	-2.192626e-10	1123.51	2.4	1122.5244908443683
1653838254.0367348	11.0	8.430081e-10	1127.1725000000001	2.394	1126.1887149206973
1653838256.1351364	10.0	-7.200499e-10	1130.68	2.406	1129.6832370747654
1653838258.2315466	9.0	-1.91013e-09	1134.6475	2.412	1133.6422451698406
1653838260.3304725	8.0	6.476719e-10	1138.4624999999999	2.394	1137.4688611196636
1653838262.4283223	7.0	-2.251131e-10	1141.8200000000002	2.394	1140.823430726664
1653838264.52473	6.0	-1.091664e-09	1145.94	2.412	1144.9247404413504
1653838266.6204946	5.0	-2.103215e-10	1149.9075	2.406	1148.8937868685666
1653838268.7249398	4.0	-5.339336e-10	1153.57	2.388	1152.5682151278936
1653838270.8245738	3.0	-1.495706e-09	1157.385	2.406	1156.3646949992724
1653838272.9242513	2.0	2.338451e-11	1161.6575	2.394	1160.6436167516415
1653838275.048233	1.0	-1.611405e-09	1165.3175	2.406	1164.290202019911
1653838277.1449945	0.0	-1.897067e-09	1169.59	2.394	1168.569193343608
1653838279.2423992	-1.0	-1.90976e-09	1173.405	2.382	1172.3911034731723
1653838281.340824	-2.0	-1.255573e-09	1177.3725	2.4	1176.339744280568
1653838283.437292	-3.0	-1.319312e-09	1181.645	2.394	1180.6136718580938
1653838285.5333579	-4.0	-1.342841e-09	1185.6125000000002	2.382	1184.5880554170014
1653838287.6301224	-5.0	-1.462001e-09	1189.4275	2.382	1188.399759014438
1653838289.7267673	-6.0	-1.988453e-09	1193.8525	2.394	1192.8105172720782
1653838291.8331492	-7.0	-1.832793e-09	1198.125	2.376	1197.094951902813
1653838293.9295588	-8.0	3.972075e-10	1202.0925	2.376	1201.0590409767194
1653838296.0557797	-9.0	-7.971414e-10	1206.5175	2.376	1205.480236730226
1653838298.1537101	-10.0	-1.727309e-09	1210.4850000000001	2.382	1209.4390639955711
1653838300.2501214	-11.0	-1.79241e-09	1215.0625	2.394	1214.002005392546
1653838302.3474035	-12.0	-1.791382e-09	1219.4875	2.376	1218.4390862043456
1653838304.4458065	-13.0	-1.442059e-09	1223.6075	2.37	1222.5608496148598
1653838306.5442212	-14.0	2.488817e-10	1228.0325	2.388	1226.9660502995441
1653838308.6496186	-15.0	1.150589e-10	1232.61	2.37	1231.555649049039
1653838310.7530034	-16.0	1.576203e-10	1236.5774999999999	2.376	1235.5143936455715
1653838312.8509264	-17.0	-2.285335e-10	1241.3075	2.382	1240.2349313958307
1653838314.9483242	-18.0	-1.172628e-09	1246.0375	2.37	1244.9716634230956
1653838317.0717146	-19.0	3.520096e-10	1250.3149999999998	2.382	1249.2346483431204
1653838319.171105	-20.0	-1.608026e-09	1254.8925	2.364	1253.8245163684132
1653838321.269181	-21.0	-1.738311e-09	1259.165	2.364	1258.0933802321977
1653838323.3701034	-22.0	5.199065e-10	1263.895	2.382	1262.8029143596839
1653838325.4678667	-23.0	2.897535e-10	1268.7775000000001	2.364	1267.6976994576225
1653838327.5685124	-24.0	-1.938149e-09	1272.8975	2.358	1271.8196843735468
1653838329.666828	-25.0	-3.619504e-10	1277.78	2.37	1276.6870114974577
1653838331.7637453	-26.0	3.710526e-11	1282.6625	2.364	1281.5708825468316
1653838333.862518	-27.0	4.425711e-10	1287.0875	2.352	1286.0032074853063
1653838335.9605567	-28.0	-1.730977e-09	1291.665	2.364	1290.5657209163387
1653838338.079243	-29.0	3.668008e-10	1296.7024999999999	2.352	1295.6101074357534
1653838340.177832	-30.0	-1.666042e-09	1301.28	2.358	1300.1781517220427
1653838342.2762492	-31.0	-1.909594e-09	1306.315	2.364	1305.2032529478054
1653838344.3768113	-32.0	3.087886e-10	1311.1975	2.346	1310.098524043024
1653838346.475204	-33.0	-1.005466e-09	1315.7749999999999	2.358	1314.6608781984435
1653838348.5751317	-34.0	-5.595634e-10	1320.9625	2.358	1319.8439857249239
1653838350.678522	-35.0	-2.003332e-09	1325.9975	2.346	1324.886119470743
1653838352.8298259	-36.0	-1.115068e-09	1330.575	2.346	1329.4597828538774
1653838354.9561584	-37.0	-2.262674e-10	1335.7649999999999	2.34	1334.651151440063
1653838357.0549073	-38.0	-1.971604e-09	1340.495	2.352	1339.365714932369
1653838359.15496	-39.0	1.554776e-10	1345.9875	2.352	1344.8535878369796
1653838361.251722	-40.0	-1.57498e-09	1350.8700000000001	2.334	1349.7493243319564
1653838363.3642612	-41.0	-8.619531e-10	1355.905	2.352	1354.7627329496745
1653838365.463007	-42.0	2.34873e-10	1361.0925	2.34	1359.9575317076237
1653838367.5612817	-43.0	-1.228421e-09	1365.9775	2.334	1364.8442912179964
1653838369.6597028	-44.0	-1.583427e-09	1371.165	2.346	1370.01576247625
1653838371.7583208	-45.0	1.478966e-10	1376.6575	2.34	1375.5095525886654
1653838374.0105839	-46.0	-3.018346e-10	1381.8449999999998	2.334	1380.6986276114592
1653838376.1069965	-47.0	-1.705144e-09	1386.7275000000002	2.322	1385.5888746276335
1653838378.2064052	-48.0	-1.251127e-10	1391.7625	2.34	1390.6019570479095
1653838380.3062074	-49.0	-3.842001e-10	1397.41	2.334	1396.25071495756
1653838382.405195	-50.0	-1.809881e-09	1402.5974999999999	2.322	1401.4458439603538
1653838384.5037458	-51.0	-1.677246e-09	1407.6325000000002	2.334	1406.4647344175994
1653838386.602314	-52.0	-2.155494e-09	1413.2775	2.334	1412.105051351023
1653838388.705952	-53.0	-2.225212e-09	1418.62	2.316	1417.4611991810095
1653838390.8033602	-54.0	-2.119274e-09	1423.655	2.322	1422.4860538988396
1653838392.9022312	-55.0	-1.209547e-09	1429.4524999999999	2.334	1428.2666326438707
1653838395.1558743	-56.0	-1.966419e-10	1434.7925	2.328	1433.608313677965
1653838397.2537978	-57.0	-7.222743e-10	1440.2875000000001	2.31	1439.1170872009789
1653838399.3829951	-58.0	-8.392099e-10	1445.7800000000002	2.316	1444.5990135144862
1653838401.4810836	-59.0	-2.186726e-09	1450.815	2.31	1449.6360322973628
1653838403.5794845	-60.0	-1.846963e-09	1456.1550000000002	2.322	1454.959368537367
1653838405.6963649	-61.0	-1.847831e-09	1461.9550000000002	2.304	1460.77314234996
1653838407.7964144	-62.0	-2.154465e-09	1467.295	2.322	1466.0902216165418
1653838409.9822297	-63.0	-2.210748e-09	1472.635	2.31	1471.4383008324473
1653838412.078637	-64.0	-4.720042e-10	1478.4325000000001	2.322	1477.2185767484373
1653838414.1760433	-65.0	-7.90136e-10	1484.2325	2.304	1483.032633017389
1653838416.281825	-66.0	-2.171151e-09	1489.4199999999998	2.304	1488.2159393954512
1653838418.3788745	-67.0	-1.93181e-10	1495.2175000000002	2.316	1493.9961304552533
1653838420.477281	-68.0	-1.385116e-09	1501.3225	2.304	1500.1088173067553
1653838422.5850115	-69.0	-2.171894e-09	1506.51	2.304	1505.2921236848179
1653838424.692053	-70.0	-1.88347e-09	1512.9175	2.304	1511.6944438038418
1653838426.7898068	-71.0	9.581374e-12	1518.7175	2.286	1517.5088610759585
1653838428.8895707	-72.0	-2.177497e-09	1524.8200000000002	2.304	1523.587321715146
1653838431.031502	-73.0	-1.35487e-09	1531.0774999999999	2.304	1529.8397630955265
1653838433.129052	-74.0	-5.094655e-11	1537.9424999999999	2.298	1536.705679520104
1653838435.2274666	-75.0	2.291462e-10	1544.2	2.28	1542.97752307228
1653838437.3587904	-76.0	-5.417208e-10	1550.9125000000001	2.286	1549.6782393720148
1653838439.4575436	-77.0	-2.343714e-09	1557.1699999999998	2.286	1555.9307594741288
1653838441.5872517	-78.0	-1.4716e-09	1564.035	2.28	1562.7968205532661
1653838443.69834	-79.0	-1.071556e-09	1571.2075	2.292	1569.9505164493585
1653838445.8679094	-80.0	-2.254299e-09	1577.9199999999998	2.28	1576.6708283941275
1653838447.9887912	-81.0	-2.316147e-09	1585.3975	2.274	1584.1490049635086
1653838450.0871575	-82.0	-2.150592e-09	1592.1125	2.274	1590.8587169242817
1653838452.189436	-83.0	-2.236004e-09	1599.435	2.286	1598.162123775505
1653838454.2873597	-84.0	-2.207947e-09	1606.9125000000001	2.268	1605.6537300682432
1653838456.394101	-85.0	-2.098014e-09	1613.78	2.274	1612.5091538431282
1653838458.4934978	-86.0	-1.425412e-09	1621.56	2.28	1620.2762804773256
1653838460.5909028	-87.0	-6.932317e-11	1629.19	2.262	1627.9205217415724
1653838462.6988475	-88.0	-2.29481e-10	1636.0575	2.274	1634.7691103890886
1653838464.7986112	-89.0	-9.43948e-10	1644.2975000000001	2.268	1643.00944464424
1653838467.0805678	-90.0	-1.31305e-09	1651.1625	2.262	1649.875900588709
1653838469.17863	-91.0	-8.531004e-11	1659.25	2.268	1657.9502316496587
1653838471.2773795	-92.0	-1.49282e-09	1667.185	2.256	1665.8927973891853
1653838473.4107437	-93.0	-1.125867e-10	1674.9675	2.256	1673.6692653250661
1653838475.5073147	-94.0	-2.484914e-09	1682.4425	2.25	1681.1453978054326
1653838477.6096113	-95.0	-1.688411e-09	1690.225	2.262	1688.9079627671722
1653838479.7159913	-96.0	-2.537739e-09	1698.4650000000001	2.244	1697.162518595175
1653838482.0416644	-97.0	-2.098262e-09	1705.7900000000002	2.25	1704.4748977290628
1653838484.1394262	-98.0	-1.282434e-09	1713.8775	2.262	1712.5420325444804
1653838486.236555	-99.0	-2.002675e-10	1722.27	2.244	1720.94926354144
1653838488.3369741	-100.0	-2.658224e-10	1729.7450000000001	2.238	1728.4256143099406
1653838490.4337401	-101.0	-2.341114e-09	1737.8325	2.25	1736.4926941228061
1653838492.5311685	-102.0	-6.338918e-10	1746.3775	2.244	1745.0382765131724
1653838494.6275887	-103.0	-1.715524e-09	1754.3125	2.226	1752.9886847199498
1653838496.7259898	-104.0	-9.432066e-10	1762.0949999999998	2.238	1760.7509389230634
1653838498.8253877	-105.0	-3.37063e-10	1770.64	2.238	1769.289421112218
1653838500.9240315	-106.0	-2.630618e-10	1779.0325	2.226	1777.690030851997
1653838503.0651016	-107.0	-3.9483e-10	1787.1200000000001	2.22	1785.7786871974758
1653838505.1613865	-108.0	-2.329619e-09	1795.0525	2.226	1793.6979420589307
1653838507.2588289	-109.0	-2.18854e-09	1803.75	2.232	1802.381532330628
1653838509.3578892	-110.0	-2.432299e-09	1812.2949999999998	2.22	1810.9347922436932
1653838511.4556484	-111.0	1.207858e-10	1820.3825000000002	2.214	1819.0235966037983
1653838513.5546973	-112.0	-1.041477e-09	1828.775	2.226	1827.3949948476834
1653838515.6521127	-113.0	-2.344782e-09	1837.7775	2.22	1836.398166497526
1653838517.7489016	-114.0	-4.977977e-10	1846.0175000000002	2.202	1844.6543560311684
1653838519.8573015	-115.0	-4.421316e-10	1854.4099999999999	2.22	1853.018183068776
1653838521.955353	-116.0	-1.423597e-09	1863.565	2.208	1862.1813900547038
1653838524.0550997	-117.0	-5.635585e-10	1871.805	2.196	1870.4303350838059
1653838526.1534297	-118.0	-1.998878e-09	1880.3500000000001	2.214	1878.9463312649686
1653838528.2508152	-119.0	-2.603789e-09	1889.6574999999998	2.208	1888.2545175925154
1653838530.3489056	-120.0	-6.958628e-10	1898.2024999999999	2.19	1896.816055034327
1653838532.4463117	-121.0	-1.501142e-09	1906.595	2.196	1905.1947850973304
1653838534.543715	-122.0	-2.227931e-09	1915.75	2.202	1914.3353638666538
1653838536.6410108	-123.0	1.93878e-11	1925.0575000000001	2.19	1923.6514401726076
1653838538.744041	-124.0	-2.324015e-09	1933.4499999999998	2.184	1932.045536790115
1653838540.8438067	-125.0	-5.959028e-10	1942.7575	2.196	1941.3307271385515
1653838542.941206	-126.0	-2.468061e-09	1952.0675	2.184	1950.6495129887187
1653838545.045957	-127.0	-1.933943e-09	1960.6125	2.178	1959.1961194304915
1653838547.142361	-128.0	1.963906e-10	1970.0725	2.19	1968.6335612673645
1653838549.2447476	-129.0	-2.596039e-09	1979.5325	2.172	1978.1103185546913
1653838551.343165	-130.0	-1.233855e-09	1988.3825	2.172	1986.953960333348
1653838553.4419262	-131.0	-5.222728e-10	1997.995	2.184	1996.5436511308624
1653838555.5413172	-132.0	-5.753892e-11	2007.9125000000001	2.166	2006.4778871883736
1653838557.6373842	-133.0	-2.416805e-09	2016.9175	2.16	2015.4844249345756
1653838559.7367864	-134.0	-2.83263e-09	2026.3775	2.172	2024.921663088158
1653838561.8518927	-135.0	-2.426405e-09	2036.2949999999998	2.154	2034.8561825997283
1653838563.9497297	-136.0	-7.596462e-10	2045.7549999999999	2.166	2044.293349488611
1653838566.0521216	-137.0	-1.17646e-09	2055.98	2.166	2054.511043933215
1653838568.1510932	-138.0	-2.654096e-09	2065.745	2.148	2064.293492990709
1653838570.2495005	-139.0	-2.320844e-09	2075.3575	2.154	2073.891081586762
1653838572.3487906	-140.0	-2.095045e-09	2085.885	2.16	2084.402921638916
1653838574.4467595	-140.0	4.761183e-11	2087.2599999999998	2.148	2085.793375358424
