----------------------------------------------------------------------------------------------------------------------
time (s)	T (K)	B (T)	R1 (Ohm)	Theta1 (deg.)	 X1 (Ohm)	 R2 (Ohm)	 Theta2 (deg.)	 X2 (Ohm)
----------------------------------------------------------------------------------------------------------------------

1656756625.6689620	1.52100	2.999668	1365.670000000	-9.29	1347.765439440	50.049200000	-7.04	49.671442154	-1.019441000
1656756626.8883290	1.52100	2.999668	1365.670000000	-9.29	1347.765439440	50.077800000	-7.11	49.692719257	-0.886148300
1656756628.1280539	1.52100	2.999668	1365.670000000	-9.29	1347.765439440	50.096800000	-7.12	49.710273389	-0.810956400
1656756629.3910501	1.52100	2.999668	1365.670000000	-9.29	1347.765439440	50.096800000	-7.12	49.710923544	1.152187000
1656756631.6965439	1.52100	2.999668	1365.670000000	-9.29	1347.765439440	50.063400000	-7.01	49.689382636	1.053762000
1656756632.9116559	1.52100	2.999668	1365.670000000	-9.29	1347.765439440	50.044400000	-7.10	49.660872319	0.498753600
